nombre campo banda HJD idEpoc lineas xmin xmax ymin ymax magmax magmin
v20100422_00635 b278 H 2455309.7351133 1 703822 3 12769.33 3.38 15648.4 17.7 10.767
v20100422_00647 b278 Ks 2455309.73733315 1 628651 3 12770.17 4.79 15650.45 17.377 9.945
v20100422_00659 b278 J 2455309.73959792 1 651950 3.14 12768.9 5.64 15652.7 18.267 10.847
v20100422_00707 b279 H 2455309.75675049 1 769546 3.33 12769.38 4.59 15650.05 17.71 10.794
v20100422_00719 b279 Ks 2455309.7589699 1 733213 3.13 12768.27 4.83 15650.94 17.441 10.028
v20100422_00731 b279 J 2455309.76120237 1 729154 3.29 12770.43 4.84 15652.23 18.233 10.735
v20100511_00550 b279 Ks 2455328.75649563 2 653319 3 12776.45 4.6 15653.18 17.326 10.094
v20100517_00732 b278 Ks 2455334.81554968 2 482076 3 12768.99 4.98 15650.55 17.214 10.001
v20100825_00436 b279 Ks 2455434.65834223 3 668316 3 12772.45 3.63 15655.45 17.313 10.179
v20100905_00265 b278 Ks 2455445.55984062 3 442920 3.34 12769.3 5.42 15653.02 17.079 9.832
v20100911_00292 b278 Ks 2455451.57393543 4 624241 3 12770.1 3.45 15651.22 17.273 9.825
v20110806_00687 b278 Ks 2455780.70154508 5 507457 3.07 12763.4 3.45 15639.41 17.196 9.684
v20110814_00386 b278 Y 2455788.60487623 1 671684 3 12767.19 5.4 15647.88 18.665 10.923
v20110814_00398 b278 Z 2455788.60897038 1 605142 3.11 12762.3 5.49 15638.32 18.988 11.085
v20110814_00434 b279 Y 2455788.62083129 1 614957 3 12768.28 4.55 15643.83 18.542 10.916
v20110814_00446 b279 Z 2455788.624558 1 591506 3 12766.45 4.56 15644.38 18.868 11.126
v20110820_00806 b279 Ks 2455794.69893252 4 487118 3.01 12767.34 4.56 15644.77 17.179 9.583
v20110901_00588 b278 Ks 2455806.59149225 6 661490 3.36 12763.27 3.33 15639.04 17.252 10
v20110913_00160 b279 Ks 2455818.52390016 5 718474 3 12766.54 4.94 15647.47 17.309 9.932
v20110915_00335 b278 Ks 2455820.56199467 7 743085 3.45 12760.03 3.68 15639.55 17.32 10.275
v20110919_00569 b278 Ks 2455824.58287128 8 638344 3.52 12763.66 4.75 15642.82 17.261 9.906
v20110924_00484 b279 Ks 2455829.59314994 6 579779 2.99 12768.35 4.68 15645.08 17.217 9.856
v20110929_00248 b279 Ks 2455834.55712109 7 388359 3.02 12769.56 5.75 15645.75 16.974 9.512
v20111004_00119 b278 Ks 2455839.52441602 9 701802 3.07 12762.76 4.58 15641.8 17.301 9.947
v20111009_00455 b279 Ks 2455844.54941545 8 569935 3.07 12768.21 5.01 15644.31 17.25 9.9
v20111012_00299 b278 Ks 2455847.54621465 10 395576 3.58 12762.52 5.53 15639.29 17.009 9.787
v20111023_00143 b279 Ks 2455858.51018585 9 479113 3.13 12767.53 4.68 15643.04 17.178 10.001
v20120317_00428 b278 Ks 2456004.79832905 11 617636 3.32 12761.15 5.48 15644.23 17.237 9.606
v20120318_00681 b279 Ks 2456005.8355524 10 623949 3.35 12762.86 4.77 15643.18 17.271 9.582
v20120402_00470 b279 Ks 2456020.7677059 11 666362 3.08 12760.38 5.08 15644.28 17.303 10.127
v20120402_00542 b278 Ks 2456020.78712759 12 658548 3.05 12762.29 4.63 15647.31 17.296 9.839
v20120610_00366 b278 Ks 2456089.68388841 13 640116 3.8 12762.49 5.57 15641.31 17.295 9.642
v20120610_00426 b279 Ks 2456089.7007663 12 686892 3.16 12765.3 4.7 15644.23 17.353 9.957
v20120615_00418 b278 Ks 2456094.64573887 14 605205 3.34 12764.18 5.59 15641.31 17.286 9.82
v20120615_00526 b279 Ks 2456094.67810458 13 665944 3.09 12765.31 3.02 15643.44 17.32 10.067
v20120616_00224 b278 Ks 2456095.61755661 15 562969 3.57 12761.01 3.49 15644.43 17.269 9.737
v20120616_00284 b279 Ks 2456095.63274054 14 540375 3.53 12765.07 4.53 15645.39 17.182 9.78
v20120623_00164 b278 Ks 2456102.57052638 16 628850 3.02 12760.95 3.29 15644.17 17.292 9.657
v20120623_00224 b279 Ks 2456102.58549545 15 641575 3.1 12762.98 3.03 15643.28 17.294 9.808
v20120623_00680 b279 Ks 2456102.73475181 16 635944 3.04 12767.7 4.59 15643.5 17.295 9.6
v20120627_00423 b279 Ks 2456106.7700705 17 537614 3.27 12765.03 4.33 15643.45 17.164 9.57
v20120630_00301 b279 Ks 2456109.64102519 18 667654 3.34 12764.92 4.65 15644.38 17.313 10.16
v20120703_00760 b278 Ks 2456112.71944072 17 571235 3.17 12761.42 5.71 15640.41 17.282 9.778
v20120704_00500 b279 Ks 2456113.58834037 19 509403 3.15 12762.73 4.77 15641.09 17.199 9.872
v20120705_00507 b278 Ks 2456114.5817467 18 575515 4.22 12762.74 5.78 15641.33 17.283 9.773
v20120705_00687 b279 Ks 2456114.62605421 20 597962 3.37 12766.08 5.68 15643.41 17.302 9.9
v20120706_00416 b278 Ks 2456115.59726817 19 656150 3.18 12763.56 4.91 15643.46 17.339 9.873
v20120706_00476 b279 Ks 2456115.61282453 21 685139 3.17 12765.27 4.53 15643.16 17.356 9.936
v20120716_00817 b278 Ks 2456125.66009827 20 417767 3.41 12763.41 4.69 15641.83 17.138 9.646
v20120716_01069 b279 Ks 2456125.72347952 22 495241 3.29 12765.8 4.56 15641.36 17.175 10
v20120717_00537 b278 Ks 2456126.59386375 21 630968 3.23 12761.88 4.88 15643.29 17.276 10.035
v20120718_00222 b278 Ks 2456127.53466249 22 634991 3.23 12766.99 3.88 15644.03 17.257 10.136
v20120718_00426 b279 Ks 2456127.58678205 23 632580 3.56 12765.09 5.22 15648.2 17.282 9.816
v20120719_00337 b278 Ks 2456128.67174937 23 307791 5.02 12768.94 5.77 15644.71 16.924 9.618
v20120720_00283 b278 Ks 2456129.66305532 24 634253 3.05 12761.7 5.04 15640.36 17.316 9.818
v20120720_00343 b279 Ks 2456129.67719471 24 651362 3.1 12766.81 5.08 15643.3 17.328 9.91
v20120721_00481 b278 Ks 2456130.6919066 25 601161 3.14 12763.06 5.47 15641.93 17.272 9.785
v20120723_00624 b279 Ks 2456132.64440217 25 517778 3.8 12764.12 6.09 15644.71 17.249 9.839
v20120724_00669 b279 Ks 2456133.71639878 26 688264 3.18 12765.09 5.36 15645.88 17.354 10.123
v20120801_00478 b278 Ks 2456141.60817285 26 610892 3.03 12762.18 3.8 15640.11 17.32 9.795
v20120804_00181 b278 Ks 2456144.51074063 27 492068 3.25 12764.36 3.57 15651.28 17.166 9.913
v20120804_00853 b279 Ks 2456144.6836307 27 476841 3.64 12766.43 4.89 15642.96 17.11 9.727
v20120806_00355 b279 Ks 2456146.70396897 28 369445 3.68 12766.98 4.75 15646.93 16.961 9.017
v20120815_00152 b278 Ks 2456155.52380353 28 599415 3.93 12764.11 3.77 15650.33 17.293 9.614
v20120817_00296 b278 Ks 2456157.565304 29 352799 3.47 12762.69 6.07 15645.36 17.119 9.521
v20120817_00632 b278 Ks 2456157.67992577 30 265719 3.46 12762.74 5.26 15643.09 16.523 8.501
v20120818_00740 b278 Ks 2456158.68093695 31 409125 4.09 12765.68 4.85 15646.88 17.099 9.476
v20120820_00357 b279 Ks 2456160.60001347 29 697118 3.03 12767.05 5.24 15646.6 17.382 9.982
v20120821_00114 b279 Ks 2456161.56627288 30 667221 3.17 12767.2 4.58 15647.47 17.334 9.659
v20120822_00193 b279 Ks 2456162.64197332 31 532814 3.76 12765.39 4.57 15643.97 17.236 9.65
v20120924_00210 b278 Ks 2456195.53998833 32 634777 3.16 12765.45 4.61 15643.58 17.298 10.158
v20120925_00189 b278 Ks 2456196.52480044 33 628196 3.29 12764.52 6.96 15642.47 17.247 9.85
v20120926_00189 b278 Ks 2456197.53362009 34 636785 3.27 12763.71 6.19 15643.59 17.292 10.094
v20120927_00333 b278 Ks 2456198.56201431 35 377792 3.83 12765.42 4.58 15642.45 17.102 9.652
v20130313_00784 b278 Ks 2456365.82303491 36 273050 3.33 12762.31 4.1 15650.44 16.649 8.648
v20130314_00447 b278 Ks 2456366.82812411 37 515421 4.26 12762.79 5.52 15655.37 17.23 9.717
v20130315_00441 b278 Ks 2456367.81714336 38 597193 3.75 12762.74 4.94 15652.37 17.258 9.613
v20130318_00661 b278 Ks 2456370.88031696 39 541069 3.52 12761.63 4.04 15650.28 17.244 9.512
v20130321_00961 b278 Ks 2456373.87737575 40 642593 3.4 12763.81 3.22 15652.35 17.312 9.93
v20130509_01098 b278 Ks 2456422.9019975 41 341086 4.96 12764.7 5.53 15644.92 16.997 9.732
v20130511_00775 b279 Ks 2456424.88940529 32 368777 3.29 12765.05 4.73 15643.96 16.965 9.019
v20130617_00746 b278 Ks 2456461.66384021 42 627356 3.1 12764.33 3.54 15648.04 17.301 9.8
v20130620_00816 b279 Ks 2456464.77626912 33 594017 3.15 12762.44 4.87 15645.64 17.3 9.69
v20130702_00200 b279 Ks 2456476.55561724 34 659365 3.11 12762.45 3.07 15643.89 17.297 9.933
v20130702_00440 b279 Ks 2456476.61999909 35 645957 3.13 12763.42 5.43 15645.61 17.288 10.104
v20130703_00154 b279 Ks 2456477.52743466 36 651313 3.39 12762.39 3.32 15645.93 17.319 9.705
v20130703_00346 b279 Ks 2456477.57984695 37 544650 3.18 12762.11 4.83 15645.19 17.238 9.696
v20130703_00538 b279 Ks 2456477.63061378 38 688081 3.07 12763.39 5.87 15646.36 17.371 9.871
v20130705_00378 b279 Ks 2456479.56274835 39 514553 3.67 12761.79 4.62 15646.91 17.188 9.753
v20130705_00906 b279 Ks 2456479.70592536 40 368197 5.04 12761.8 7.16 15647.39 17.05 9.496
v20130705_01178 b279 Ks 2456479.79998416 41 387880 4.59 12761.14 5.92 15644.1 17.005 9.311
v20130706_00777 b279 Ks 2456480.70307838 42 664011 3.13 12761.35 4.55 15646.62 17.341 10.12
v20130710_00342 b279 Ks 2456484.58745569 43 690649 3.06 12763.02 6.42 15646.91 17.329 9.718
v20130710_00690 b278 Ks 2456484.67874153 43 688798 3.04 12763.73 5.23 15646.33 17.379 9.932
v20130713_00865 b278 Ks 2456487.7077296 44 628513 3.17 12764.64 4.68 15647.5 17.295 9.579
v20130802_00117 b278 Ks 2456507.49557602 45 689896 3.13 12765.45 3 15649.56 17.348 10.17
v20130802_00357 b278 Ks 2456507.55927067 46 429710 3.49 12763.76 6.94 15651.05 17.096 9.545
v20130804_00314 b278 Ks 2456509.54330404 47 668577 3.31 12764.95 3.05 15649.1 17.323 10.163
v20130805_00052 b279 Ks 2456510.48315386 44 373088 3.43 12761.98 5.62 15645.1 17.051 9.791
v20130805_00508 b279 Ks 2456510.61628162 45 607141 3.16 12764.01 4.96 15644.12 17.253 9.956
v20130806_00517 b279 Ks 2456511.61833425 46 648104 3.59 12762.02 4.9 15648.24 17.292 9.853
v20130807_00413 b279 Ks 2456512.63053775 47 578214 3.89 12764.28 5.14 15645.61 17.253 9.841
v20130809_00709 b279 Ks 2456514.70186303 48 207215 5.6 12760.47 3.74 15649.21 16.013 7.795
v20130821_00490 b279 Ks 2456526.60220779 49 617382 3 12761.43 5.16 15646.7 17.278 9.666
v20130822_00653 b278 Ks 2456527.63701619 48 643257 3.77 12765.48 4.37 15642.78 17.322 9.823
v20130829_00147 b278 Ks 2456534.60024225 49 608641 3.33 12765.88 4.56 15643.41 17.266 9.832
v20130831_00246 b279 Ks 2456536.5384378 50 529024 4.11 12763.03 3.12 15643.69 17.229 9.457
v20130831_00414 b279 Ks 2456536.58374851 51 381057 3.65 12763.39 5.44 15646.16 17.022 9.739
v20130901_00534 b279 Ks 2456537.6098039 52 525124 3.27 12761.99 4.69 15645 17.207 9.912
v20130902_00400 b279 Ks 2456538.59069138 53 553506 4.38 12763.23 3.39 15646.62 17.234 9.807
v20130923_00109 b278 Ks 2456559.50081556 50 564048 3.72 12764.15 5.63 15641.42 17.217 9.97
v20130924_00294 b278 Ks 2456560.54846487 51 635055 3.72 12764.07 5.61 15643.47 17.265 10.049
v20130927_00417 b279 Ks 2456563.57868992 54 307336 3.52 12763.2 4.24 15648.64 16.782 9.279
v20131006_00221 b278 Ks 2456572.53104322 52 585588 3.48 12762.88 4.74 15644.83 17.251 9.719
v20131007_00090 b279 Ks 2456573.49646966 55 465792 4.06 12762.29 3.58 15645.15 17.141 9.548
v20131017_00025 b278 Ks 2456583.48652096 53 433224 3.29 12764.73 4.8 15644.22 17.046 9.777
v20140228_00421 b278 Ks 2456717.88975518 54 621242 3.18 12765.1 4.2 15652.38 17.275 9.88
v20140317_00369 b279 Ks 2456734.80947703 56 559259 3.6 12760.93 3.76 15646.17 17.228 9.842
v20140325_00453 b279 Ks 2456742.84715366 57 642326 3.13 12761.29 3.08 15644.41 17.303 10.115
v20140328_00554 b279 Ks 2456745.89754341 58 524807 4.53 12760.67 4.68 15648.6 17.209 9.794
v20140422_00521 b278 Ks 2456770.80960466 55 356665 3.48 12764.44 3.29 15649 16.952 9.412
v20140501_00600 b278 Ks 2456779.9216732 56 311211 4.39 12767.55 4.75 15643 16.852 9.346
v20140511_00516 b279 Ks 2456789.68879582 59 545158 3.78 12761.74 4.46 15646.86 17.213 9.411
v20140512_00371 b279 Ks 2456790.65793362 60 516820 3.9 12762.42 3.27 15647.16 17.21 9.704
v20140520_00784 b278 Ks 2456798.81227452 57 508114 5.42 12765.01 5.95 15643.45 17.21 9.433
v20140521_00517 b278 Ks 2456799.62756197 58 488466 3.39 12764.32 4.54 15647.39 17.069 9.599
v20140521_00613 b278 Ks 2456799.65187058 59 529108 3.19 12763.89 3.79 15650.22 17.115 9.541
v20140526_00805 b279 Ks 2456804.7066316 61 460413 3.57 12763.57 3.96 15643.51 16.764 8.989
v20140528_00536 b279 Ks 2456806.71366909 62 485745 3.35 12762.42 3.91 15646.92 17.187 9.957
v20150331_01281 b278 Ks 2457113.90829559 60 649292 3.05 12767.42 3.1 15647.18 17.268 9.943
v20150721_00169 b279 Ks 2457225.505621 63 458761 3.75 12758.73 4.03 15644.26 17.117 9.694
v20150722_00421 b278 Ks 2457226.633823 61 397565 4.32 12764.41 3.75 15655.04 17.01 9.397
v20150725_00277 b279 Ks 2457229.55223349 64 616219 3.48 12763.39 3.23 15647.06 17.218 9.868
v20150725_00973 b279 Ks 2457229.74547919 65 603349 3.16 12763.14 4.89 15647.31 17.178 9.762
v20150731_00397 b278 Y 2457235.59731134 2 670087 3 12765.91 4.58 15647.17 18.659 10.94
v20150731_00409 b278 Z 2457235.60413444 2 702751 3 12764.44 5.15 15646.04 19.017 11.117
v20150731_00421 b279 Y 2457235.60784481 2 676264 3.36 12762.03 5.26 15647.75 18.565 10.918
v20150731_00433 b279 Z 2457235.61147921 2 663646 3.37 12760.27 4.68 15645.41 18.902 11.127
v20150806_00730 b278 Ks 2457241.6781982 62 510117 3.32 12764.51 4.24 15648.37 17.143 9.523
v20150807_00412 b279 Ks 2457242.60842835 66 400502 3.6 12763.19 5.82 15644.15 16.854 8.796
v20150818_00121 b278 Ks 2457253.60681892 63 443716 3.88 12764.38 5.27 15647.21 17.084 9.578
v20150902_00118 b278 Ks 2457268.51535307 64 623249 3.24 12762.18 5.14 15643.27 17.256 9.927
v20150906_00333 b279 Ks 2457272.58666747 67 328802 3.83 12762.07 4.56 15644.06 16.833 9.304
v20150907_00253 b278 H 2457273.55038084 2 411849 3.26 12766.16 4.28 15649.81 17.316 10.486
v20150907_00265 b278 Ks 2457273.55282982 65 444031 3.48 12764.12 5.44 15646.05 17.085 9.649
v20150907_00277 b278 J 2457273.55609109 2 437032 3.54 12765.63 5.59 15645.47 17.985 10.761
v20150907_00289 b279 H 2457273.560385 2 514944 3.49 12763.18 4.54 15647.14 17.394 10.579
v20150907_00301 b279 Ks 2457273.56285804 68 453916 3.66 12762.41 5.26 15646.52 17.097 9.911
v20150907_00313 b279 J 2457273.56533177 2 459510 3.63 12764.34 5.11 15646.8 17.974 10.743
v20150908_00131 b278 Ks 2457274.52131034 66 612761 3.19 12764.63 3.37 15645.12 17.297 9.546
