Datosb27985.txt      0.8057250661957567        0.00046563378025401533         2147.610509388889             
Datosb27967.txt      0.7631133365184161        0.00045829423469184987         2182.0043201555545            
Datosb27940.txt      0.6749973140383261        0.00045829423469184987         2182.0043201555545            
Datosb27960.txt      0.6500489609802175        0.07663698035680379            13.048530818205974            
Datosb27930.txt      0.607527165646253         0.00045829423469184987         2182.0043201555545            
Datosb279179.txt     0.5991351069135993        0.06502685974461025            15.378260674549718            
Datosb27976.txt      0.5828918984803786        0.004022804948961793           248.5827706506328             
Datosb27951.txt      0.504818508052414         0.004124648112226649           242.44492446172828            
Datosb27992.txt      0.4779420083702894        0.06614713454052366            15.117812841724396            
Datosb279139.txt     0.46703436246205265       0.00035645107142699434         2805.4341259142843            
Datosb279169.txt     0.458915694506856         0.0020877848469295383          478.9765580829266             
Datosb27949.txt      0.4129833434397585        0.003920961785696938           255.03946599220765            
Datosb27961.txt      0.4126721820851661        0.019502965765219833           51.27425295404697             
Datosb27957.txt      0.41168891412512937       0.0005601373979567054          1785.2762619454536            
Datosb27944.txt      0.3660205521745234        0.0038191186224320823          261.84051841866653            
Datosb279172.txt     0.36411731610899767       0.0029025301530483825          344.5269979192981             
Datosb27932.txt      0.33739233168322474       0.0029025301530483825          344.5269979192981             
Datosb279114.txt     0.33209239561311465       0.003004373316313238           332.84811663389814            
Datosb27946.txt      0.3236304351945159        0.05433332760180042            18.40490991696344             
Datosb27926.txt      0.3179165458427749        0.014003434948917634           71.41105047781815             
Datosb279108.txt     0.309235059365169         0.0033099028061078046          302.1236750984614             
Datosb27974.txt      0.30867865626553914       0.006059668214258904           165.02553681848732            
Datosb27915.txt      0.30543931042682687       0.060851290050751176           16.433505340083673            
Datosb27965.txt      0.30083822856518655       0.00045829423469184987         2182.0043201555545            
Datosb279180.txt     0.29878179159325235       0.0037172754591672267          269.0142312520547             
Datosb279106.txt     0.2943921737560923        0.08594435079975912            11.635436078048805            
Datosb27978.txt      0.27202659016843866       0.042417677499812324           23.57507668835533             
Datosb27950.txt      0.266687667416487         0.011559199030561101           86.51118449955943             
Datosb279119.txt     0.26373465824470776       0.0046338639285509265          215.80262507032955            
Datosb27923.txt      0.26245488037582954       0.0035135891326375157          284.6092591507245             
Datosb279143.txt     0.262072058503157         0.0029025301530483825          344.5269979192981             
Datosb279140.txt     0.2533778274111866        0.07738559627782196            12.922301411362147            
Datosb279127.txt     0.2529086727670162        0.0438434817855203             22.808407527758412            
Datosb279124.txt     0.2458202199849065        0.002930883048395915           341.1940986684216             
Datosb2791.txt       0.24504200351530953       0.07734988249965778            12.928267861356147            
Datosb27943.txt      0.2434902376800402        0.06885004213687947            14.52431936079166             
Datosb279175.txt     0.23976902848127774       0.03553052958669434            28.144809875687454            
Datosb27927.txt      0.23832892378421927       0.017364259336657868           57.589556836950116            
Datosb279178.txt     0.23805855250532792       0.0502596010712062             19.896695928470102            
Datosb2790.txt       0.23780078762380288       0.0032096551357001252          311.55995199523795            
Datosb2793.txt       0.23674286206591696       0.06317098285446142            15.830052894758396            
Datosb279158.txt     0.231800943908516         0.08529364923431651            11.724202317253724            
Datosb27931.txt      0.23152036334612458       0.06003654474463233            16.656521527904996            
Datosb27917.txt      0.23128877504829387       0.058305210969129787           17.151125660611346            
Datosb27975.txt      0.22716665525235283       0.0656620640842383             15.229493832498067            
Datosb2794.txt       0.22698640547100896       0.0383439509692181             26.07973291022575             
Datosb279163.txt     0.2243027306474832        0.03885316678554238            25.737927760681508            
Datosb279121.txt     0.22393010219923906       0.02010482933197899            49.73929315626607             
Datosb279142.txt     0.22038063349328957       0.04609774424514752            21.693035448372616            
Datosb279103.txt     0.2174413998472128        0.001069353214280983           935.1447086380948             
Datosb27987.txt      0.21552063484784595       0.002949013941608764           339.0963962192983             
Datosb279118.txt     0.21360463857115958       0.06645266403031823            15.048305656245203            
Datosb27918.txt      0.21304846657572832       0.001069353214280983           935.1447086380948             
Datosb27981.txt      0.21104480970731823       0.07052639056091246            14.179089445054142            
Datosb279132.txt     0.20977405952721412       0.06808215464255592            14.688136784891542            
Datosb279174.txt     0.20965262349323616       0.0007638237244864165          1309.2025920933327            
Datosb279126.txt     0.2086002888085031        0.006263354540788615           159.65885269430888            
Datosb279145.txt     0.2055211854483077        0.008402060969350582           119.01841746303023            
Datosb279130.txt     0.20398685269823114       0.002968770859805587           336.83973847192976            
Datosb279112.txt     0.20346747914388605       0.026020928214170586           38.43060446457924             
Datosb279123.txt     0.20323890127568495       0.031520459030472785           31.72542630274635             
Datosb27925.txt      0.20203902243625166       0.003615432295902371           276.5920969211266             
Datosb279162.txt     0.20126264079329959       0.02938175260191082            34.03472943050258             
Datosb279113.txt     0.20110185938676484       0.015836611887685034           63.144819554340806            
Datosb27958.txt      0.19964492802060563       0.07052639056091246            14.179089445054142            
Datosb279152.txt     0.19943183997945202       0.03724218895550462            26.85126809261285             
Datosb279109.txt     0.19852572414865896       0.003004373316313238           332.84811663389814            
Datosb27971.txt      0.1976519245328912        0.03661261719371556            27.312988708483996            
Datosb2799.txt       0.1971847572876144        0.06281753622727387            15.919121634793182            
Datosb279165.txt     0.19576369106081143       0.051583562193649325           19.38602061342546             
Datosb279116.txt     0.19283802444912695       0.06926139414367188            14.438057627394231            
Datosb279166.txt     0.1901242794927031        0.010642610561177403           93.96190852344492             
Datosb279115.txt     0.18926540587207705       0.07144297903029616            13.997176679543827            
Datosb27939.txt      0.18840954108265115       0.002189628010194394           456.6985786372091             
Datosb27938.txt      0.18544820287531294       0.041806618520223195           23.919657590012168            
Datosb279155.txt     0.18440565075473747       0.00524492290814006            190.66057166407757            
Datosb279141.txt     0.18414524319840941       0.06360105545890228            15.723009512730176            
Datosb279146.txt     0.1837024659246531        0.01752501180400972            57.06130250772215             
Datosb279153.txt     0.18354333483659063       0.07490564658130125            13.35012840339904             
Datosb279138.txt     0.17953849681101036       0.00819837464282087            121.97539677888192            
Datosb27916.txt      0.17907517209058296       0.01756794566318758            56.921851830144895            
Datosb279105.txt     0.17805151143834844       0.054231484438535565           18.439473128075107            
Datosb2792.txt       0.1777684357938575        0.058407054132394644           17.12121960017436             
Datosb279159.txt     0.17755223381339866       0.08071070688739801            12.389929893627754            
Datosb27934.txt      0.17608304601991406       0.07215588117315015            13.858884178828502            
Datosb279148.txt     0.1758349698452416        0.063091839642578              15.84991031589991             
Datosb279156.txt     0.17469422976830368       0.08111807954045742            12.32770802347771             
Datosb279170.txt     0.17462066396792228       0.07266509698947442            13.761765158654514            
Datosb2795.txt       0.1737281030445165        0.003004373316313238           332.84811663389814            
Datosb27910.txt      0.1731970410300968        0.06390658494869685            15.64783974613545             
Datosb27921.txt      0.17293141781154017       0.016753200357068735           59.6900877854103              
Datosb27990.txt      0.17268931848216454       0.008046717344745345           124.27427945546248            
Datosb27947.txt      0.17235602029231306       0.03630708770392099            27.542831530715276            
Datosb279111.txt     0.17233380549903218       0.06309111404178575            15.850092603178508            
Datosb27954.txt      0.17220432238463804       0.06268446698951859            15.952915419496334            
Datosb27933.txt      0.17148864218404677       0.04954669892835221            20.18297932312435             
Datosb279131.txt     0.17035680200030553       0.018993749948895557           52.648897805361905            
Datosb27913.txt      0.16930447985599967       0.03549234239780215            28.17509165193686             
Datosb27952.txt      0.1691027817028871        0.05433332760180042            18.40490991696344             
Datosb279176.txt     0.16907808140256445       0.08600655137717049            11.62702124416814             
Datosb27948.txt      0.16883244214970577       0.002800686989783527           357.05525238909075            
Datosb27980.txt      0.16809374286758966       0.002968770859805587           336.83973847192976            
Datosb279161.txt     0.16792140877276715       0.002930883048395915           341.1940986684216             
Datosb279101.txt     0.167315957194927         0.035186812908007584           28.419737889146152            
Datosb27977.txt      0.16663398745345093       0.07093376321397188            14.097658924192382            
Datosb27988.txt      0.16651504669597292       0.034922533519051155           28.634806791851855            
Datosb27973.txt      0.16592942361211052       0.047611678826319954           21.00325014053475             
Datosb27922.txt      0.16342248303738083       0.07215588117315015            13.858884178828502            
Datosb279154.txt     0.16284602777527407       0.0029025301530483825          344.5269979192981             
Datosb279147.txt     0.16228418696917749       0.07512316024046371            13.311474075359364            
Datosb27953.txt      0.16068434133781706       0.0015552478901608652          642.9843154434797             
Datosb27935.txt      0.16013969388269253       0.04577850188755256            21.844314662291424            
Datosb279164.txt     0.15995515576077055       0.014003434948917634           71.41105047781815             
Datosb27984.txt      0.15969013892849285       0.06910058627520448            14.471657244952093            
Datosb279136.txt     0.15953635639300529       0.06818399780582078            14.666197820313657            
Datosb27919.txt      0.15875445366856336       0.060550557196355666           16.515124654545485            
Datosb27982.txt      0.15773980737507556       0.0017822553571349717          561.0868251828568             
Datosb27964.txt      0.157660930386349         0.03614755759688295            27.664386378520668            
Datosb27929.txt      0.1574756314818175        0.01940112260195498            51.54340913753278             
Datosb279177.txt     0.15732929397749773       0.06514787407574779            15.349695046645643            
Datosb279171.txt     0.15678414193674078       0.021614735207356465           46.26473516361445             
Datosb27996.txt      0.156201507978695         0.0031781152538069854          314.6518990468092             
Datosb27920.txt      0.15595367718685044       0.02052139739786839            48.72962501588086             
Datosb2797.txt       0.1558238930516553        0.06054576056095661            16.516433037342296            
Datosb27970.txt      0.15547985454598273       0.05606466137730296            17.836547576203444            
Datosb2796.txt       0.15454171700097324       0.03854763729574782            25.941927188110952            
Datosb27998.txt      0.15392105051011243       0.07022086107111788            14.240782365047128            
Datosb27945.txt      0.15226322728748454       0.06628192589755337            15.087069158877782            
Datosb279157.txt     0.1521647945643778        0.00931864943873428            107.31168787650269            
Datosb27986.txt      0.1520083220484694        0.07551670556089038            13.242103089278482            
Datosb279129.txt     0.15108517619824166       0.06278631015278344            15.92703883325222             
Datosb27963.txt      0.15083312436451235       0.024709249854199377           40.47067417670101             
Datosb27955.txt      0.15039807299935126       0.05005591474467649            19.977659085859607            
Datosb27969.txt      0.1498133382416688        0.063804741785432              15.672816345889855            
Datosb279104.txt     0.14950983918686794       0.08580911185278861            11.653774038770711            
Datosb27937.txt      0.14905905281554677       0.0015552478901608652          642.9843154434797             
Datosb27997.txt      0.14701026196180897       0.0005656090093395624          1768.0057840090938            
Datosb27993.txt      0.1466245550942311        0.0699812601555586             14.289539767891279            
Datosb279120.txt     0.14556128450702432       0.04089003005083949            24.455839204732243            
Datosb279167.txt     0.1453108147916689        0.06504503607404968            15.373963339209512            
Datosb279151.txt     0.14505880535271948       0.008096531479556014           123.50967849937102            
Datosb27941.txt      0.14503392247053892       0.025613555561111164           39.04182680198805             
Datosb279150.txt     0.14477804871962668       0.04150108903042862            24.095753228711647            
Datosb27956.txt      0.14419336162024565       0.07388721494865269            13.534141200137828            
Datosb27994.txt      0.14046760240997455       0.07419274443844726            13.478406919286197            
Datosb27942.txt      0.14001673960624744       0.027039359846819145           36.98312407043312             
Datosb27959.txt      0.13995831157732833       0.04883379678549822            20.477621357038572            
Datosb27928.txt      0.13973184368253597       0.020012181581544112           49.969564583714984            
Datosb279133.txt     0.13888654762609567       0.03386285178556446            29.530885535939838            
Datosb27983.txt      0.13878806489653642       0.008096531479556014           123.50967849937102            
Datosb27991.txt      0.13812814988272915       0.04089003005083949            24.455839204732243            
Datosb27979.txt      0.1370619424686441        0.06553607556093453            15.258771469619262            
Datosb27972.txt      0.13575885283919456       0.008096531479556014           123.50967849937102            
Datosb27914.txt      0.13551468122122265       0.00931864943873428            107.31168787650269            
Datosb279102.txt     0.13440736746596393       0.057897838316070364           17.27180200650835             
Datosb279117.txt     0.13355871508975573       0.05769415198954065            17.332779242188874            
Datosb279122.txt     0.13268299347375703       0.01940112260195498            51.54340913753278             
Datosb279168.txt     0.13257850303644214       0.0742945876017121             13.459930693214524            
Datosb27962.txt      0.13102283160344          0.008046717344745345           124.27427945546248            
Datosb27995.txt      0.12958981918596774       0.016549514030539024           60.42473501969227             
Datosb27968.txt      0.1289510705296546        0.0493430126018225             20.26629399525283             
Datosb279173.txt     0.12709506747865648       0.027141203010084              36.84435062176358             
Datosb27966.txt      0.12699997306655983       0.03482814547317994            28.712410219202415            
Datosb279149.txt     0.1261142903557518        0.025613555561111164           39.04182680198805             
Datosb279134.txt     0.1251735716226633        0.0374273624998344             26.71842024680271             
Datosb279144.txt     0.12413524023101671       0.03895500994880723            25.670639060653585            
Datosb279137.txt     0.12369964226024319       0.06349921229563743            15.74822684955893             
Datosb27924.txt      0.12183312756077586       0.05351858229568158            18.685098840532817            
Datosb27989.txt      0.11870458102701646       0.09473488235284226            10.55577391520345             
Datosb279128.txt     0.11844248183038306       0.05922179943851349            16.88567401668099             
Datosb279125.txt     0.11670180431875002       0.03752920566309926            26.645914357394833            
Datosb279110.txt     0.11614540162962815       0.061054976377280884           16.37868130225187             
Datosb27936.txt      0.11464456044969695       0.036103401377391285           27.69822127136811             
Datosb2798.txt       0.11398574064201547       0.03984972565801463            25.09427564400004             
Datosb279107.txt     0.11194872526691729       0.0026988438265186715          370.52903549811305            
Datosb27999.txt      0.11153536684457453       0.07327615596906356            13.647004087143841            
Datosb279135.txt     0.1102455641282109        0.035611887934196625           28.080510694849774            
Datosb279160.txt     0.10909384665924987       0.043945324948785155           22.755549109385854            
Datosb279100.txt     0.10804956352684446       0.03997344158145579            25.01661003999999             
Datosb27912.txt      0.10507341243580293       0.051074346377325046           19.579300978464598            
Datosb27911.txt      0.08384790409088386       0.04801905147937938            20.82506774273594             
