Datos1b279566.txt 0.996231 55309.758970 13.776000 14.079000 Misc 0.000000 0.000000 
Datos1b27993.txt 1.000000 55309.758970 14.295000 14.577000 Misc 0.000000 0.000000 
Datos1b279432.txt 1.000000 55309.758970 14.295000 14.577000 Misc 0.000000 0.000000 
Datos1b279244.txt 0.997792 55309.758970 12.763000 12.942000 Misc 0.000000 0.000000 
Datos1b279456.txt 1.000000 55309.758970 14.747000 15.138000 Misc 0.000000 0.000000 
Datos1b279429.txt 1.000000 55309.758970 13.223000 13.386000 Misc 0.000000 0.000000 
Datos1b279728.txt 1.000000 55309.758970 13.992000 14.367000 Misc 0.000000 0.000000 
Datos1b279660.txt 1.000000 55309.758970 15.000000 15.441000 Misc 0.000000 0.000000 
Datos1b279107.txt 1.000000 55309.758970 11.871000 13.125000 Misc 0.000000 0.000000 
Datos1b279130.txt 1.000000 55309.758970 16.075000 16.705000 Misc 0.000000 0.000000 
Datos1b279515.txt 0.997896 55309.758970 14.319000 14.566000 Misc 0.000000 0.000000 
Datos1b279645.txt 1.000000 55309.758970 12.991000 13.215000 Misc 0.000000 0.000000 
Datos1b279387.txt 1.000000 55309.758970 12.991000 13.215000 Misc 0.000000 0.000000 
Datos1b279219.txt 1.000000 55309.758970 12.991000 13.215000 Misc 0.000000 0.000000 
Datos1b27973.txt 1.000000 55309.758970 14.905000 15.283000 Misc 0.000000 0.000000 
Datos1b279233.txt 1.000000 55309.758970 12.740000 12.950000 Misc 0.000000 0.000000 
Datos1b279148.txt 1.000000 55309.758970 14.817000 15.132000 Misc 0.000000 0.000000 
Datos1b279317.txt 1.000000 55309.758970 14.873000 15.427000 Misc 0.000000 0.000000 
Datos1b279305.txt 2.002088 55309.758970 12.915000 13.167000 Misc 0.000000 0.000000 
Datos1b27980.txt 1.000000 55309.758970 13.856000 14.121000 Misc 0.000000 0.000000 
Datos1b279359.txt 1.000000 55309.758970 13.843000 14.181000 Misc 0.000000 0.000000 
Datos1b279734.txt 1.000000 55309.758970 15.891000 16.505000 Misc 0.000000 0.000000 
Datos1b279215.txt 1.000000 55309.758970 16.315000 17.045000 Misc 0.000000 0.000000 
Datos1b279271.txt 1.000000 55309.758970 15.924000 16.453000 Misc 0.000000 0.000000 
Datos1b279231.txt 1.000000 55309.758970 15.626000 16.163000 Misc 0.000000 0.000000 
Datos1b279471.txt 1.000000 55309.758970 15.950000 16.609000 Misc 0.000000 0.000000 
Datos1b279266.txt 1.000000 55309.758970 15.577000 16.032000 Misc 0.000000 0.000000 
Datos1b27933.txt 1.000000 55309.758970 14.037000 14.339000 Misc 0.000000 0.000000 
Datos1b279303.txt 1.000000 55309.758970 14.037000 14.339000 Misc 0.000000 0.000000 
Datos1b279371.txt 1.000000 55309.758970 13.750000 14.059000 Misc 0.000000 0.000000 
Datos1b279579.txt 1.000000 55309.758970 13.190000 13.375000 Misc 0.000000 0.000000 
Datos1b279455.txt 1.000000 55309.758970 15.442000 16.066000 Misc 0.000000 0.000000 
Datos1b279615.txt 1.000000 55309.758970 13.012000 13.227000 Misc 0.000000 0.000000 
Datos1b279727.txt 1.000000 55309.758970 15.178000 15.326000 Misc 0.000000 0.000000 
Datos1b279657.txt 1.000000 55309.758970 15.999000 16.736000 Misc 0.000000 0.000000 
Datos1b279547.txt 1.002789 55309.758970 15.427000 15.892000 Misc 0.000000 0.000000 
Datos1b279463.txt 1.002688 55309.758970 15.427000 15.892000 Misc 0.000000 0.000000 
Datos1b279392.txt 1.000000 55309.758970 15.009000 15.526000 Misc 0.000000 0.000000 
Datos1b279551.txt 1.000000 55309.758970 16.157000 16.915000 Misc 0.000000 0.000000 
Datos1b279238.txt 1.000000 55309.758970 15.699000 16.216000 Misc 0.000000 0.000000 
Datos1b279216.txt 1.000000 55309.758970 12.373000 12.694000 Misc 0.000000 0.000000 
Datos1b279502.txt 1.000000 55309.758970 13.263000 13.511000 Misc 0.000000 0.000000 
Datos1b279513.txt 1.000000 55309.758970 12.761000 13.007000 Misc 0.000000 0.000000 
Datos1b279212.txt 1.000000 55309.758970 15.992000 16.672000 Misc 0.000000 0.000000 
Datos1b279297.txt 1.000000 55309.758970 16.124000 16.987000 Misc 0.000000 0.000000 
Datos1b279332.txt 1.000000 55309.758970 15.843000 16.419000 Misc 0.000000 0.000000 
Datos1b279165.txt 1.000000 55309.758970 13.014000 13.253000 Misc 0.000000 0.000000 
Datos1b2796.txt 0.997314 55309.758970 14.779000 15.137000 Misc 0.000000 0.000000 
Datos1b279498.txt 0.996978 55309.758970 15.500000 16.040000 Misc 0.000000 0.000000 
Datos1b279201.txt 1.000000 55309.758970 13.210000 13.465000 Misc 0.000000 0.000000 
Datos1b279610.txt 1.000000 55309.758970 14.769000 15.184000 Misc 0.000000 0.000000 
Datos1b27918.txt 0.997085 55309.758970 14.453000 14.596000 Misc 0.000000 0.000000 
Datos1b279644.txt 1.000000 55309.758970 15.787000 16.346000 Misc 0.000000 0.000000 
Datos1b279228.txt 1.000000 55309.758970 15.787000 16.346000 Misc 0.000000 0.000000 
Datos1b279121.txt 0.498599 55309.758970 15.482000 15.973000 Misc 0.000000 0.000000 
Datos1b279273.txt 1.000000 55309.758970 15.571000 15.858000 Misc 0.000000 0.000000 
Datos1b27941.txt 1.000000 55309.758970 15.987000 16.670000 Misc 0.000000 0.000000 
Datos1b279167.txt 1.000000 56160.600013 12.538000 12.743000 Misc 0.000000 0.000000 
Datos1b279356.txt 1.000000 55309.758970 14.808000 15.242000 Misc 0.000000 0.000000 
Datos1b279203.txt 1.000000 55309.758970 14.808000 15.242000 Misc 0.000000 0.000000 
Datos1b279378.txt 1.000000 55309.758970 14.810000 15.187000 Misc 0.000000 0.000000 
Datos1b27974.txt 1.063768 55309.758970 15.628000 16.175000 Misc 0.000000 0.000000 
Datos1b279637.txt 1.000000 55309.758970 15.692000 16.169000 Misc 0.000000 0.000000 
Datos1b279277.txt 1.000000 55309.758970 11.969000 12.225000 Misc 0.000000 0.000000 
Datos1b279330.txt 1.000000 55818.523900 12.589000 12.808000 Misc 0.000000 0.000000 
Datos1b279540.txt 1.000000 55309.758970 14.662000 15.146000 Misc 0.000000 0.000000 
Datos1b279293.txt 1.000000 55309.758970 16.119000 16.771000 Misc 0.000000 0.000000 
Datos1b279597.txt 1.000000 55309.758970 15.924000 16.395000 Misc 0.000000 0.000000 
Datos1b279527.txt 1.000000 55309.758970 15.924000 16.395000 Misc 0.000000 0.000000 
Datos1b279140.txt 1.000000 55309.758970 15.924000 16.395000 Misc 0.000000 0.000000 
Datos1b279338.txt 1.000000 55309.758970 15.628000 16.110000 Misc 0.000000 0.000000 
Datos1b27957.txt 0.402487 55309.758970 12.210000 12.575000 Misc 0.000000 0.000000 
Datos1b279288.txt 1.000000 55309.758970 13.405000 13.778000 Misc 0.000000 0.000000 
Datos1b279274.txt 0.997131 55309.758970 14.940000 15.366000 Misc 0.000000 0.000000 
Datos1b279333.txt 1.000000 55309.758970 14.711000 15.057000 Misc 0.000000 0.000000 
Datos1b279281.txt 1.000000 55309.758970 14.501000 14.764000 Misc 0.000000 0.000000 
Datos1b279141.txt 1.000000 55309.758970 14.501000 14.764000 Misc 0.000000 0.000000 
Datos1b279535.txt 1.000000 55309.758970 15.435000 15.891000 Misc 0.000000 0.000000 
Datos1b279322.txt 1.225473 55309.758970 13.321000 13.731000 Misc 0.000000 0.000000 
Datos1b279135.txt 0.997991 55309.758970 12.652000 12.871000 Misc 0.000000 0.000000 
Datos1b279109.txt 1.000000 55818.523900 15.274000 15.735000 Misc 0.000000 0.000000 
Datos1b279184.txt 1.000000 55309.758970 14.500000 14.739000 Misc 0.000000 0.000000 
Datos1b279675.txt 1.000000 55309.758970 15.445000 15.981000 Misc 0.000000 0.000000 
Datos1b279348.txt 1.000000 55309.758970 15.709000 16.299000 Misc 0.000000 0.000000 
Datos1b279589.txt 1.000000 55309.758970 16.053000 16.684000 Misc 0.000000 0.000000 
Datos1b279365.txt 1.000000 55309.758970 16.053000 16.684000 Misc 0.000000 0.000000 
Datos1b279116.txt 1.000000 55309.758970 12.850000 13.040000 Misc 0.000000 0.000000 
Datos1b279703.txt 0.295804 55309.758970 12.917000 13.091000 Misc 0.000000 0.000000 
Datos1b279562.txt 0.234674 55309.758970 15.874000 16.440000 Misc 0.000000 0.000000 
Datos1b279555.txt 0.233826 55309.758970 15.874000 16.440000 Misc 0.000000 0.000000 
Datos1b279127.txt 0.997219 56160.600013 14.619000 14.907000 Misc 0.000000 0.000000 
Datos1b279252.txt 1.000000 55309.758970 15.889000 16.433000 Misc 0.000000 0.000000 
Datos1b279164.txt 0.502470 55309.758970 15.476000 16.064000 Misc 0.000000 0.000000 
Datos1b279420.txt 1.000000 55309.758970 15.501000 15.993000 Misc 0.000000 0.000000 
Datos1b279706.txt 1.000000 55309.758970 15.899000 16.537000 Misc 0.000000 0.000000 
Datos1b279279.txt 1.000000 55309.758970 12.811000 13.070000 Misc 0.000000 0.000000 
Datos1b279481.txt 1.000000 55309.758970 15.593000 16.151000 Misc 0.000000 0.000000 
Datos1b279154.txt 1.000000 55309.758970 15.593000 16.151000 Misc 0.000000 0.000000 
Datos1b279689.txt 1.000000 55309.758970 15.671000 16.239000 Misc 0.000000 0.000000 
Datos1b279537.txt 0.998597 55309.758970 14.860000 15.224000 Misc 0.000000 0.000000 
Datos1b27930.txt 0.995539 55309.758970 14.860000 15.224000 Misc 0.000000 0.000000 
Datos1b279268.txt 1.001701 55309.758970 14.860000 15.224000 Misc 0.000000 0.000000 
Datos1b279725.txt 1.139200 55309.758970 14.690000 15.061000 Misc 0.000000 0.000000 
Datos1b27911.txt 1.022133 56160.600013 12.943000 13.165000 Misc 0.000000 0.000000 
Datos1b279536.txt 1.000000 55309.758970 15.993000 16.516000 Misc 0.000000 0.000000 
Datos1b27932.txt 1.000000 55309.758970 15.516000 15.962000 Misc 0.000000 0.000000 
Datos1b279438.txt 0.325560 55309.758970 15.353000 15.821000 Misc 0.000000 0.000000 
Datos1b279550.txt 1.000000 55309.758970 15.388000 15.923000 Misc 0.000000 0.000000 
Datos1b279385.txt 0.440867 55309.758970 16.195000 16.935000 Misc 0.000000 0.000000 
Datos1b279715.txt 1.000000 55309.758970 16.072000 16.940000 Misc 0.000000 0.000000 
Datos1b279460.txt 0.999900 55309.758970 16.072000 16.940000 Misc 0.000000 0.000000 
Datos1b279217.txt 2.100295 55309.758970 13.774000 14.005000 Misc 0.000000 0.000000 
Datos1b279473.txt 1.000000 55309.758970 15.886000 16.514000 Misc 0.000000 0.000000 
Datos1b279572.txt 1.000000 55309.758970 14.813000 15.199000 Misc 0.000000 0.000000 
Datos1b279439.txt 1.000000 55309.758970 14.813000 15.199000 Misc 0.000000 0.000000 
Datos1b27935.txt 0.332436 55309.758970 16.173000 16.988000 Misc 0.000000 0.000000 
Datos1b279393.txt 1.000000 55309.758970 12.589000 12.784000 Misc 0.000000 0.000000 
Datos1b279321.txt 1.000000 55309.758970 15.821000 16.294000 Misc 0.000000 0.000000 
Datos1b279340.txt 1.000000 55309.758970 15.716000 16.196000 Misc 0.000000 0.000000 
Datos1b279235.txt 1.000000 55818.523900 14.324000 14.533000 Misc 0.000000 0.000000 
Datos1b279663.txt 1.000000 55309.758970 15.139000 15.748000 Misc 0.000000 0.000000 
Datos1b279472.txt 1.000000 55309.758970 15.139000 15.748000 Misc 0.000000 0.000000 
Datos1b279124.txt 1.402862 55309.758970 15.791000 16.315000 Misc 0.000000 0.000000 
Datos1b279105.txt 1.000000 55309.758970 15.791000 16.315000 Misc 0.000000 0.000000 
Datos1b279530.txt 1.000000 55309.758970 14.348000 14.532000 Misc 0.000000 0.000000 
Datos1b279137.txt 0.997097 55309.758970 14.348000 14.532000 Misc 0.000000 0.000000 
Datos1b279142.txt 1.000000 55309.758970 15.543000 16.048000 Misc 0.000000 0.000000 
Datos1b279670.txt 0.745550 55309.758970 15.822000 16.349000 Misc 0.000000 0.000000 
Datos1b279101.txt 1.000000 55309.758970 13.101000 13.288000 Misc 0.000000 0.000000 
Datos1b279626.txt 1.000000 55309.758970 15.943000 16.534000 Misc 0.000000 0.000000 
Datos1b279236.txt 0.975734 55309.758970 15.388000 15.806000 Misc 0.000000 0.000000 
Datos1b279172.txt 1.000000 55309.758970 15.381000 15.848000 Misc 0.000000 0.000000 
Datos1b279733.txt 1.000000 55309.758970 16.110000 16.730000 Misc 0.000000 0.000000 
Datos1b27959.txt 0.344627 55309.758970 14.469000 14.584000 Misc 0.000000 0.000000 
Datos1b279593.txt 1.000000 55309.758970 15.566000 16.141000 Misc 0.000000 0.000000 
Datos1b279294.txt 1.000000 55309.758970 15.589000 15.996000 Misc 0.000000 0.000000 
Datos1b27944.txt 1.000000 55309.758970 15.544000 16.046000 Misc 0.000000 0.000000 
Datos1b279482.txt 1.000000 55309.758970 15.956000 16.521000 Misc 0.000000 0.000000 
Datos1b279418.txt 0.998729 55309.758970 14.902000 15.319000 Misc 0.000000 0.000000 
Datos1b279180.txt 1.000000 55309.758970 14.902000 15.319000 Misc 0.000000 0.000000 
Datos1b279735.txt 1.000000 55309.758970 15.824000 16.490000 Misc 0.000000 0.000000 
Datos1b279737.txt 1.000000 55309.758970 12.849000 13.082000 Misc 0.000000 0.000000 
Datos1b279716.txt 1.000000 55309.758970 15.638000 16.131000 Misc 0.000000 0.000000 
Datos1b279629.txt 1.000000 55309.758970 15.638000 16.131000 Misc 0.000000 0.000000 
Datos1b279720.txt 1.000000 55309.758970 16.083000 16.650000 Misc 0.000000 0.000000 
Datos1b279718.txt 1.000000 55309.758970 15.660000 16.138000 Misc 0.000000 0.000000 
Datos1b279255.txt 1.000000 55309.758970 15.660000 16.138000 Misc 0.000000 0.000000 
Datos1b279128.txt 1.000000 55309.758970 15.660000 16.138000 Misc 0.000000 0.000000 
Datos1b279372.txt 1.000000 55309.758970 16.254000 17.013000 Misc 0.000000 0.000000 
Datos1b279278.txt 0.877644 55309.758970 16.254000 17.013000 Misc 0.000000 0.000000 
Datos1b279595.txt 0.940555 55309.758970 16.055000 16.889000 Misc 0.000000 0.000000 
Datos1b279318.txt 1.000000 55309.758970 15.794000 16.358000 Misc 0.000000 0.000000 
Datos1b279462.txt 0.997439 55309.758970 15.873000 16.400000 Misc 0.000000 0.000000 
Datos1b279608.txt 1.000000 55309.758970 12.375000 12.669000 Misc 0.000000 0.000000 
Datos1b279620.txt 1.000000 55309.758970 15.041000 15.373000 Misc 0.000000 0.000000 
Datos1b279343.txt 1.000000 55309.758970 15.041000 15.373000 Misc 0.000000 0.000000 
Datos1b279407.txt 0.245230 55309.758970 15.671000 16.249000 Misc 0.000000 0.000000 
Datos1b279508.txt 1.000000 55309.758970 15.646000 16.173000 Misc 0.000000 0.000000 
Datos1b279499.txt 0.997130 55309.758970 15.794000 16.350000 Misc 0.000000 0.000000 
Datos1b279276.txt 0.997040 55309.758970 15.794000 16.350000 Misc 0.000000 0.000000 
Datos1b279454.txt 1.941232 55309.758970 16.048000 16.563000 Misc 0.000000 0.000000 
Datos1b279192.txt 1.000000 55309.758970 15.763000 16.319000 Misc 0.000000 0.000000 
Datos1b27983.txt 1.000000 55309.758970 15.911000 16.474000 Misc 0.000000 0.000000 
Datos1b27962.txt 1.000000 55309.758970 12.578000 12.791000 Misc 0.000000 0.000000 
Datos1b279177.txt 1.000000 55309.758970 12.578000 12.791000 Misc 0.000000 0.000000 
Datos1b279283.txt 0.293125 55309.758970 15.871000 16.441000 Misc 0.000000 0.000000 
Datos1b279329.txt 1.000000 55309.758970 15.384000 15.787000 Misc 0.000000 0.000000 
Datos1b279191.txt 1.000000 55309.758970 15.444000 15.926000 Misc 0.000000 0.000000 
Datos1b279150.txt 2.413559 55309.758970 15.129000 15.643000 Misc 0.000000 0.000000 
Datos1b279436.txt 0.800900 55309.758970 12.808000 12.991000 Misc 0.000000 0.000000 
Datos1b279512.txt 1.000000 55309.758970 15.780000 16.288000 Misc 0.000000 0.000000 
Datos1b279248.txt 0.997178 55309.758970 14.049000 14.301000 Misc 0.000000 0.000000 
Datos1b279386.txt 0.344627 55309.758970 16.140000 16.721000 Misc 0.000000 0.000000 
Datos1b279227.txt 0.344627 55309.758970 16.140000 16.721000 Misc 0.000000 0.000000 
Datos1b279487.txt 0.331544 55309.758970 12.842000 13.063000 Misc 0.000000 0.000000 
Datos1b279477.txt 0.328868 55309.758970 12.842000 13.063000 Misc 0.000000 0.000000 
Datos1b27924.txt 0.331578 55309.758970 12.842000 13.063000 Misc 0.000000 0.000000 
Datos1b279590.txt 1.000000 55309.758970 15.506000 15.901000 Misc 0.000000 0.000000 
Datos1b27991.txt 0.296066 55309.758970 15.814000 16.360000 Misc 0.000000 0.000000 
Datos1b279104.txt 1.000000 55309.758970 15.130000 15.521000 Misc 0.000000 0.000000 
Datos1b27958.txt 1.000000 55309.758970 16.132000 16.774000 Misc 0.000000 0.000000 
Datos1b279461.txt 1.000000 55309.758970 14.897000 15.050000 Misc 0.000000 0.000000 
Datos1b279161.txt 0.998597 55309.758970 16.068000 16.628000 Misc 0.000000 0.000000 
Datos1b279614.txt 1.000000 55309.758970 14.548000 15.006000 Misc 0.000000 0.000000 
Datos1b279700.txt 1.000000 55818.523900 14.141000 14.357000 Misc 0.000000 0.000000 
Datos1b279169.txt 1.000000 55309.758970 15.736000 16.294000 Misc 0.000000 0.000000 
Datos1b279452.txt 0.489547 55309.758970 15.995000 16.669000 Misc 0.000000 0.000000 
Datos1b279229.txt 1.000000 55309.758970 15.802000 16.413000 Misc 0.000000 0.000000 
Datos1b279375.txt 1.000000 55309.758970 12.073000 12.247000 Misc 0.000000 0.000000 
Datos1b279139.txt 1.000000 55309.758970 14.810000 15.141000 Misc 0.000000 0.000000 
Datos1b279467.txt 0.642020 55309.758970 12.802000 12.996000 Misc 0.000000 0.000000 
Datos1b279656.txt 6.005046 55309.758970 15.122000 15.578000 Misc 0.000000 0.000000 
Datos1b27925.txt 1.000000 55309.758970 15.802000 16.341000 Misc 0.000000 0.000000 
Datos1b279635.txt 1.000000 55309.758970 15.289000 15.707000 Misc 0.000000 0.000000 
Datos1b279409.txt 1.000000 55309.758970 15.289000 15.707000 Misc 0.000000 0.000000 
Datos1b279584.txt 1.000000 55309.758970 12.243000 12.457000 Misc 0.000000 0.000000 
Datos1b279440.txt 1.000000 55309.758970 15.153000 15.541000 Misc 0.000000 0.000000 
Datos1b279668.txt 0.331563 55309.758970 12.920000 13.062000 Misc 0.000000 0.000000 
Datos1b279678.txt 1.000000 55309.758970 15.056000 15.433000 Misc 0.000000 0.000000 
Datos1b279354.txt 1.000000 55309.758970 15.926000 16.472000 Misc 0.000000 0.000000 
Datos1b279435.txt 1.000000 56160.600013 12.754000 12.952000 Misc 0.000000 0.000000 
Datos1b279267.txt 1.497702 55309.758970 13.080000 13.310000 Misc 0.000000 0.000000 
Datos1b279284.txt 1.000000 55309.758970 16.031000 16.619000 Misc 0.000000 0.000000 
Datos1b279722.txt 1.000000 55309.758970 15.130000 15.590000 Misc 0.000000 0.000000 
Datos1b279178.txt 1.000000 55309.758970 15.369000 15.818000 Misc 0.000000 0.000000 
Datos1b279459.txt 3.848649 55309.758970 14.753000 15.402000 Misc 0.000000 0.000000 
Datos1b279376.txt 4.684211 55309.758970 12.843000 13.226000 Misc 0.000000 0.000000 
Datos1b279292.txt 0.335012 55818.523900 14.914000 15.184000 Misc 0.000000 0.000000 
Datos1b27976.txt 1.000000 55309.758970 12.327000 12.741000 Misc 0.000000 0.000000 
Datos1b27989.txt 1.000000 55309.758970 16.001000 16.684000 Misc 0.000000 0.000000 
Datos1b279360.txt 0.373989 55309.758970 16.123000 16.619000 Misc 0.000000 0.000000 
Datos1b279230.txt 1.000000 55309.758970 15.424000 15.916000 Misc 0.000000 0.000000 
Datos1b279520.txt 33.344185 55309.758970 15.363000 15.841000 Misc 0.000000 0.000000 
Datos1b279339.txt 0.330548 55309.758970 12.688000 12.808000 Misc 0.000000 0.000000 
Datos1b27939.txt 0.350221 55818.523900 14.852000 15.311000 Misc 0.000000 0.000000 
Datos1b279638.txt 1.000000 55309.758970 12.265000 12.503000 Misc 0.000000 0.000000 
Datos1b279136.txt 0.392278 55309.758970 15.896000 16.505000 Misc 0.000000 0.000000 
Datos1b279396.txt 1.585746 55309.758970 13.461000 13.610000 Misc 0.000000 0.000000 
Datos1b279174.txt 1.000000 55309.758970 15.777000 16.278000 Misc 0.000000 0.000000 
Datos1b279686.txt 0.204708 55309.758970 14.965000 15.126000 Misc 0.000000 0.000000 
Datos1b279423.txt 1.000000 56160.600013 12.511000 12.650000 Misc 0.000000 0.000000 
Datos1b279570.txt 0.997045 55309.758970 15.593000 16.039000 Misc 0.000000 0.000000 
Datos1b279538.txt 0.997087 55309.758970 15.593000 16.039000 Misc 0.000000 0.000000 
Datos1b27912.txt 0.697356 56160.600013 12.041000 12.224000 Misc 0.000000 0.000000 
Datos1b279334.txt 1.000000 55309.758970 15.618000 16.212000 Misc 0.000000 0.000000 
Datos1b279441.txt 0.997257 55309.758970 15.440000 15.838000 Misc 0.000000 0.000000 
Datos1b2792.txt 0.997281 55309.758970 15.440000 15.838000 Misc 0.000000 0.000000 
Datos1b279496.txt 1.000000 55309.758970 15.920000 16.516000 Misc 0.000000 0.000000 
Datos1b279110.txt 1.000000 55309.758970 13.644000 13.883000 Misc 0.000000 0.000000 
Datos1b279309.txt 0.238270 55309.758970 15.290000 15.698000 Misc 0.000000 0.000000 
Datos1b279286.txt 0.998441 55309.758970 15.652000 16.138000 Misc 0.000000 0.000000 
Datos1b279494.txt 1.000000 55309.758970 13.864000 14.017000 Misc 0.000000 0.000000 
Datos1b27950.txt 1.000000 55309.758970 16.257000 16.959000 Misc 0.000000 0.000000 
Datos1b27949.txt 1.000000 55309.758970 13.352000 13.572000 Misc 0.000000 0.000000 
Datos1b279633.txt 0.243502 55309.758970 16.008000 16.600000 Misc 0.000000 0.000000 
Datos1b279419.txt 0.244054 55309.758970 16.008000 16.600000 Misc 0.000000 0.000000 
Datos1b279475.txt 0.996888 55309.758970 15.258000 15.685000 Misc 0.000000 0.000000 
Datos1b279351.txt 1.000000 55309.758970 15.258000 15.685000 Misc 0.000000 0.000000 
Datos1b279361.txt 1.000000 55309.758970 15.340000 15.828000 Misc 0.000000 0.000000 
Datos1b279479.txt 1.000000 55309.758970 14.578000 14.959000 Misc 0.000000 0.000000 
Datos1b279296.txt 1.000000 55309.758970 15.712000 16.151000 Misc 0.000000 0.000000 
Datos1b279650.txt 2.507042 56160.600013 13.090000 13.209000 Misc 0.000000 0.000000 
Datos1b279667.txt 1.000000 55309.758970 14.737000 15.041000 Misc 0.000000 0.000000 
Datos1b279241.txt 1.000000 55309.758970 15.253000 15.672000 Misc 0.000000 0.000000 
Datos1b279306.txt 1.000000 55309.758970 15.146000 15.436000 Misc 0.000000 0.000000 
Datos1b279567.txt 1.000000 55309.758970 12.758000 12.872000 Misc 0.000000 0.000000 
Datos1b27929.txt 1.014245 55309.758970 14.455000 14.686000 Misc 0.000000 0.000000 
Datos1b279664.txt 1.000000 56160.600013 12.483000 12.969000 Misc 0.000000 0.000000 
Datos1b279466.txt 2.034286 55309.758970 15.322000 15.706000 Misc 0.000000 0.000000 
Datos1b279282.txt 0.996990 55309.758970 15.013000 15.399000 Misc 0.000000 0.000000 
Datos1b279623.txt 1.000000 55309.758970 15.139000 15.539000 Misc 0.000000 0.000000 
Datos1b279699.txt 1.511677 55309.758970 13.026000 13.192000 Misc 0.000000 0.000000 
Datos1b279416.txt 1.000000 55309.758970 16.072000 16.790000 Misc 0.000000 0.000000 
Datos1b279739.txt 1.000000 55309.758970 12.378000 12.458000 Misc 0.000000 0.000000 
Datos1b279181.txt 1.000000 55309.758970 12.378000 12.458000 Misc 0.000000 0.000000 
Datos1b279741.txt 1.000000 55309.758970 15.130000 15.608000 Misc 0.000000 0.000000 
Datos1b279681.txt 1.000000 55309.758970 14.000000 14.403000 Misc 0.000000 0.000000 
Datos1b279341.txt 0.287909 55309.758970 12.717000 12.861000 Misc 0.000000 0.000000 
Datos1b27926.txt 1.000000 55309.758970 15.113000 15.553000 Misc 0.000000 0.000000 
Datos1b279239.txt 1.972299 55309.758970 13.098000 13.230000 Misc 0.000000 0.000000 
Datos1b279422.txt 0.502470 55309.758970 15.629000 16.012000 Misc 0.000000 0.000000 
Datos1b279544.txt 1.000000 55309.758970 15.982000 16.544000 Misc 0.000000 0.000000 
Datos1b27921.txt 1.000000 55309.758970 14.874000 15.186000 Misc 0.000000 0.000000 
Datos1b279611.txt 0.333959 56160.600013 12.741000 12.925000 Misc 0.000000 0.000000 
Datos1b279237.txt 1.000000 55309.758970 13.192000 13.488000 Misc 0.000000 0.000000 
Datos1b279634.txt 1.000000 55309.758970 12.960000 13.149000 Misc 0.000000 0.000000 
Datos1b279384.txt 1.000000 55309.758970 15.362000 15.821000 Misc 0.000000 0.000000 
Datos1b279510.txt 1.000000 56160.600013 13.321000 13.487000 Misc 0.000000 0.000000 
Datos1b27992.txt 1.000000 55309.758970 15.142000 15.592000 Misc 0.000000 0.000000 
Datos1b279447.txt 1.000000 55309.758970 15.142000 15.592000 Misc 0.000000 0.000000 
Datos1b279539.txt 1.000000 56160.600013 15.005000 15.356000 Misc 0.000000 0.000000 
Datos1b279152.txt 1.000000 55309.758970 15.802000 16.402000 Misc 0.000000 0.000000 
Datos1b279596.txt 1.000000 56484.587456 11.999000 12.227000 Misc 0.000000 0.000000 
Datos1b279220.txt 1.000000 56484.587456 11.999000 12.227000 Misc 0.000000 0.000000 
Datos1b279198.txt 1.000000 55309.758970 15.677000 16.143000 Misc 0.000000 0.000000 
Datos1b279696.txt 1.000000 55818.523900 15.859000 16.381000 Misc 0.000000 0.000000 
Datos1b279443.txt 0.289196 55309.758970 13.076000 13.186000 Misc 0.000000 0.000000 
Datos1b279131.txt 0.289196 55309.758970 13.076000 13.186000 Misc 0.000000 0.000000 
Datos1b279182.txt 0.333959 55309.758970 15.210000 15.547000 Misc 0.000000 0.000000 
Datos1b279262.txt 2.555911 55309.758970 15.148000 15.524000 Misc 0.000000 0.000000 
Datos1b279258.txt 1.000000 55309.758970 15.486000 15.984000 Misc 0.000000 0.000000 
Datos1b279170.txt 1.000000 55818.523900 12.803000 12.948000 Misc 0.000000 0.000000 
Datos1b279160.txt 1.000000 55309.758970 15.549000 16.078000 Misc 0.000000 0.000000 
Datos1b279111.txt 1.000000 55309.758970 15.549000 16.078000 Misc 0.000000 0.000000 
Datos1b279214.txt 0.398632 55309.758970 15.987000 16.548000 Misc 0.000000 0.000000 
Datos1b279304.txt 1.000000 55309.758970 15.847000 16.468000 Misc 0.000000 0.000000 
Datos1b279129.txt 1.000000 55309.758970 15.901000 16.725000 Misc 0.000000 0.000000 
Datos1b279346.txt 1.000000 55309.758970 15.610000 16.321000 Misc 0.000000 0.000000 
Datos1b279383.txt 1.000000 55309.758970 12.992000 13.153000 Misc 0.000000 0.000000 
Datos1b27963.txt 1.000000 55309.758970 13.308000 13.366000 Misc 0.000000 0.000000 
Datos1b27990.txt 1.000000 55309.758970 15.168000 15.648000 Misc 0.000000 0.000000 
Datos1b279312.txt 1.000000 55309.758970 15.333000 15.703000 Misc 0.000000 0.000000 
Datos1b279100.txt 0.342802 55309.758970 15.333000 15.703000 Misc 0.000000 0.000000 
Datos1b279676.txt 1.000000 55309.758970 13.946000 14.199000 Misc 0.000000 0.000000 
Datos1b279316.txt 1.000000 55309.758970 15.798000 16.316000 Misc 0.000000 0.000000 
Datos1b279666.txt 1.000000 55309.758970 15.529000 15.969000 Misc 0.000000 0.000000 
Datos1b279694.txt 0.249125 55309.758970 15.166000 15.933000 Misc 0.000000 0.000000 
Datos1b279413.txt 1.000000 55309.758970 15.166000 15.933000 Misc 0.000000 0.000000 
Datos1b279113.txt 0.544759 55818.523900 14.272000 14.414000 Misc 0.000000 0.000000 
Datos1b279560.txt 0.456410 55309.758970 15.917000 16.425000 Misc 0.000000 0.000000 
Datos1b27956.txt 1.000000 55309.758970 15.147000 15.491000 Misc 0.000000 0.000000 
Datos1b279370.txt 1.000000 55818.523900 12.356000 12.537000 Misc 0.000000 0.000000 
Datos1b279609.txt 1.000000 55818.523900 12.328000 12.472000 Misc 0.000000 0.000000 
Datos1b279287.txt 1.000000 55818.523900 12.328000 12.472000 Misc 0.000000 0.000000 
Datos1b279204.txt 1.000000 55309.758970 15.951000 16.437000 Misc 0.000000 0.000000 
Datos1b279314.txt 2.966667 55818.523900 13.631000 13.805000 Misc 0.000000 0.000000 
Datos1b279114.txt 1.000000 55309.758970 15.523000 15.963000 Misc 0.000000 0.000000 
Datos1b279653.txt 0.415403 55309.758970 13.373000 13.557000 Misc 0.000000 0.000000 
Datos1b279517.txt 0.209538 55309.758970 14.354000 14.625000 Misc 0.000000 0.000000 
Datos1b279208.txt 1.000000 55309.758970 13.121000 13.250000 Misc 0.000000 0.000000 
Datos1b279744.txt 1.000000 55309.758970 15.590000 16.357000 Misc 0.000000 0.000000 
Datos1b279500.txt 1.000000 55309.758970 15.148000 15.537000 Misc 0.000000 0.000000 
Datos1b27986.txt 1.000000 55309.758970 13.474000 13.781000 Misc 0.000000 0.000000 
Datos1b279604.txt 0.288388 55309.758970 14.382000 14.549000 Misc 0.000000 0.000000 
Datos1b279602.txt 1.320781 55309.758970 15.502000 16.161000 Misc 0.000000 0.000000 
Datos1b279448.txt 1.000000 55309.758970 15.502000 16.161000 Misc 0.000000 0.000000 
Datos1b279194.txt 1.000000 55309.758970 16.027000 16.551000 Misc 0.000000 0.000000 
Datos1b279705.txt 1.000000 55818.523900 14.428000 14.642000 Misc 0.000000 0.000000 
Datos1b27936.txt 1.000000 55818.523900 14.428000 14.642000 Misc 0.000000 0.000000 
Datos1b279649.txt 1.000000 55309.758970 15.847000 16.191000 Misc 0.000000 0.000000 
Datos1b27943.txt 1.000000 55309.758970 15.847000 16.191000 Misc 0.000000 0.000000 
Datos1b279580.txt 0.328868 55309.758970 15.816000 16.216000 Misc 0.000000 0.000000 
Datos1b279709.txt 1.000000 55309.758970 12.950000 13.020000 Misc 0.000000 0.000000 
Datos1b279587.txt 1.000000 55818.523900 14.796000 15.106000 Misc 0.000000 0.000000 
Datos1b2797.txt 1.000000 55309.758970 15.703000 16.243000 Misc 0.000000 0.000000 
Datos1b279186.txt 1.000000 55309.758970 15.318000 15.682000 Misc 0.000000 0.000000 
Datos1b279444.txt 1.000000 55309.758970 15.213000 15.629000 Misc 0.000000 0.000000 
Datos1b279577.txt 1.000000 55309.758970 15.693000 16.212000 Misc 0.000000 0.000000 
Datos1b279598.txt 1.000000 55309.758970 15.304000 15.529000 Misc 0.000000 0.000000 
Datos1b279193.txt 1.000000 55309.758970 15.005000 15.480000 Misc 0.000000 0.000000 
Datos1b279493.txt 1.000000 55309.758970 12.240000 12.429000 Misc 0.000000 0.000000 
Datos1b279347.txt 0.745583 55309.758970 12.240000 12.429000 Misc 0.000000 0.000000 
Datos1b27947.txt 0.996922 55309.758970 13.192000 13.436000 Misc 0.000000 0.000000 
Datos1b279197.txt 0.997085 55309.758970 13.192000 13.436000 Misc 0.000000 0.000000 
Datos1b279326.txt 1.000000 55818.523900 15.024000 15.259000 Misc 0.000000 0.000000 
Datos1b279559.txt 0.332245 55309.758970 13.021000 13.186000 Misc 0.000000 0.000000 
Datos1b279708.txt 1.000000 55309.758970 13.524000 13.825000 Misc 0.000000 0.000000 
Datos1b27984.txt 1.000000 55309.758970 15.406000 15.888000 Misc 0.000000 0.000000 
Datos1b279307.txt 1.000000 55309.758970 14.967000 15.307000 Misc 0.000000 0.000000 
Datos1b27967.txt 1.000000 55309.758970 14.890000 15.340000 Misc 0.000000 0.000000 
Datos1b27917.txt 0.996992 55309.758970 15.806000 16.360000 Misc 0.000000 0.000000 
Datos1b279246.txt 0.487337 55309.758970 13.199000 13.421000 Misc 0.000000 0.000000 
Datos1b279619.txt 1.000000 55309.758970 15.718000 16.273000 Misc 0.000000 0.000000 
Datos1b279583.txt 1.000000 55309.758970 15.030000 15.172000 Misc 0.000000 0.000000 
Datos1b279492.txt 1.000000 55309.758970 15.030000 15.172000 Misc 0.000000 0.000000 
Datos1b279260.txt 1.000000 55309.758970 15.030000 15.172000 Misc 0.000000 0.000000 
Datos1b279395.txt 0.222914 55309.758970 15.965000 16.534000 Misc 0.000000 0.000000 
Datos1b279352.txt 1.000000 55309.758970 15.281000 15.696000 Misc 0.000000 0.000000 
Datos1b279224.txt 1.000000 55309.758970 15.281000 15.696000 Misc 0.000000 0.000000 
Datos1b27994.txt 0.997188 55309.758970 15.545000 15.874000 Misc 0.000000 0.000000 
Datos1b279445.txt 1.000000 56160.600013 13.092000 13.324000 Misc 0.000000 0.000000 
Datos1b279509.txt 1.000000 55309.758970 12.241000 12.418000 Misc 0.000000 0.000000 
Datos1b279476.txt 1.000000 55309.758970 12.241000 12.418000 Misc 0.000000 0.000000 
Datos1b279695.txt 0.456410 55309.758970 15.640000 16.203000 Misc 0.000000 0.000000 
Datos1b279350.txt 1.000000 55309.758970 15.159000 15.459000 Misc 0.000000 0.000000 
Datos1b279168.txt 1.000000 55309.758970 15.159000 15.459000 Misc 0.000000 0.000000 
Datos1b279470.txt 1.000000 55309.758970 15.386000 15.808000 Misc 0.000000 0.000000 
Datos1b279349.txt 1.000000 55309.758970 15.386000 15.808000 Misc 0.000000 0.000000 
Datos1b27987.txt 0.293125 55309.758970 15.650000 16.096000 Misc 0.000000 0.000000 
Datos1b279714.txt 0.395117 55309.758970 12.504000 12.673000 Misc 0.000000 0.000000 
Datos1b279484.txt 1.000000 55309.758970 12.663000 12.777000 Misc 0.000000 0.000000 
Datos1b279506.txt 0.305579 55818.523900 13.138000 13.237000 Misc 0.000000 0.000000 
Datos1b279158.txt 1.000000 55309.758970 15.773000 16.573000 Misc 0.000000 0.000000 
Datos1b279401.txt 0.298532 56160.600013 14.702000 14.920000 Misc 0.000000 0.000000 
Datos1b279511.txt 1.000000 55309.758970 14.944000 15.323000 Misc 0.000000 0.000000 
Datos1b279426.txt 0.929717 55309.758970 13.659000 13.943000 Misc 0.000000 0.000000 
Datos1b279153.txt 1.000000 55309.758970 15.177000 15.309000 Misc 0.000000 0.000000 
Datos1b279736.txt 1.000000 55309.758970 15.164000 15.414000 Misc 0.000000 0.000000 
Datos1b279242.txt 1.000000 56160.600013 12.707000 12.901000 Misc 0.000000 0.000000 
Datos1b279534.txt 1.000000 55309.758970 13.182000 13.379000 Misc 0.000000 0.000000 
Datos1b279586.txt 1.000000 55309.758970 14.337000 14.620000 Misc 0.000000 0.000000 
Datos1b279717.txt 1.000000 56160.600013 12.945000 13.089000 Misc 0.000000 0.000000 
Datos1b279600.txt 1.000000 55309.758970 13.621000 13.869000 Misc 0.000000 0.000000 
Datos1b279606.txt 1.000000 55309.758970 14.947000 15.407000 Misc 0.000000 0.000000 
Datos1b27961.txt 1.000000 55309.758970 13.517000 13.568000 Misc 0.000000 0.000000 
Datos1b279362.txt 1.000000 55309.758970 14.013000 14.266000 Misc 0.000000 0.000000 
Datos1b27952.txt 0.400000 55309.758970 14.170000 14.370000 Misc 0.000000 0.000000 
Datos1b279381.txt 1.000000 55309.758970 14.170000 14.370000 Misc 0.000000 0.000000 
Datos1b279640.txt 1.000000 55309.758970 15.576000 16.003000 Misc 0.000000 0.000000 
Datos1b279522.txt 1.000000 55309.758970 15.576000 16.003000 Misc 0.000000 0.000000 
Datos1b279449.txt 1.000000 55309.758970 15.884000 16.364000 Misc 0.000000 0.000000 
Datos1b27920.txt 1.000000 55818.523900 14.405000 14.741000 Misc 0.000000 0.000000 
Datos1b279632.txt 1.000000 55309.758970 13.887000 14.125000 Misc 0.000000 0.000000 
Datos1b279119.txt 0.998578 55309.758970 15.411000 15.875000 Misc 0.000000 0.000000 
Datos1b279270.txt 1.000000 55309.758970 12.625000 12.818000 Misc 0.000000 0.000000 
Datos1b279723.txt 0.328868 55309.758970 14.126000 14.341000 Misc 0.000000 0.000000 
Datos1b279399.txt 0.996821 55309.758970 13.942000 14.060000 Misc 0.000000 0.000000 
Datos1b279642.txt 1.000000 56160.600013 13.439000 13.641000 Misc 0.000000 0.000000 
Datos1b279684.txt 1.000000 55309.758970 16.079000 16.641000 Misc 0.000000 0.000000 
Datos1b279149.txt 1.000000 55309.758970 15.104000 15.548000 Misc 0.000000 0.000000 
Datos1b27985.txt 1.000000 56160.600013 12.737000 12.896000 Misc 0.000000 0.000000 
Datos1b279173.txt 0.339209 56160.600013 12.737000 12.896000 Misc 0.000000 0.000000 
Datos1b27999.txt 1.000000 55309.758970 15.015000 15.420000 Misc 0.000000 0.000000 
Datos1b279108.txt 0.772234 55309.758970 15.015000 15.420000 Misc 0.000000 0.000000 
Datos1b279711.txt 0.998597 55309.758970 13.812000 13.882000 Misc 0.000000 0.000000 
Datos1b279618.txt 1.000000 55309.758970 15.401000 15.868000 Misc 0.000000 0.000000 
Datos1b279331.txt 1.000000 55309.758970 15.883000 16.496000 Misc 0.000000 0.000000 
Datos1b279425.txt 0.291803 56160.600013 12.661000 12.850000 Misc 0.000000 0.000000 
Datos1b279561.txt 1.000000 55309.758970 15.669000 16.229000 Misc 0.000000 0.000000 
Datos1b279489.txt 1.000000 55309.758970 13.754000 14.077000 Misc 0.000000 0.000000 
Datos1b279218.txt 1.000000 55309.758970 12.397000 12.506000 Misc 0.000000 0.000000 
Datos1b27988.txt 1.000000 55309.758970 15.598000 16.222000 Misc 0.000000 0.000000 
Datos1b27966.txt 1.000000 55309.758970 15.915000 16.450000 Misc 0.000000 0.000000 
Datos1b279529.txt 1.000000 55309.758970 15.829000 16.417000 Misc 0.000000 0.000000 
Datos1b279301.txt 1.000000 55309.758970 15.920000 16.467000 Misc 0.000000 0.000000 
Datos1b279166.txt 1.000000 55309.758970 15.955000 16.556000 Misc 0.000000 0.000000 
Datos1b279249.txt 0.297162 55309.758970 15.773000 16.280000 Misc 0.000000 0.000000 
Datos1b279571.txt 0.996821 55309.758970 12.128000 12.250000 Misc 0.000000 0.000000 
Datos1b279563.txt 1.000000 55309.758970 15.182000 15.526000 Misc 0.000000 0.000000 
Datos1b279738.txt 1.000000 55309.758970 15.035000 15.143000 Misc 0.000000 0.000000 
Datos1b279225.txt 1.000000 55309.758970 15.035000 15.143000 Misc 0.000000 0.000000 
Datos1b279490.txt 0.260285 55309.758970 16.114000 16.805000 Misc 0.000000 0.000000 
Datos1b27968.txt 1.000000 55309.758970 15.680000 16.207000 Misc 0.000000 0.000000 
Datos1b279403.txt 1.000000 55309.758970 15.261000 15.652000 Misc 0.000000 0.000000 
Datos1b279646.txt 0.293125 55309.758970 16.116000 16.688000 Misc 0.000000 0.000000 
Datos1b279631.txt 1.000000 55309.758970 16.116000 16.688000 Misc 0.000000 0.000000 
Datos1b279183.txt 0.293125 55309.758970 16.116000 16.688000 Misc 0.000000 0.000000 
Datos1b279658.txt 0.332245 55309.758970 15.955000 16.521000 Misc 0.000000 0.000000 
Datos1b279541.txt 1.000000 55309.758970 15.486000 15.997000 Misc 0.000000 0.000000 
Datos1b27922.txt 1.000000 55309.758970 15.486000 15.997000 Misc 0.000000 0.000000 
Datos1b279528.txt 1.000000 55309.758970 12.412000 12.615000 Misc 0.000000 0.000000 
Datos1b279379.txt 1.000000 55309.758970 15.728000 16.259000 Misc 0.000000 0.000000 
Datos1b279549.txt 1.000000 55309.758970 15.158000 15.535000 Misc 0.000000 0.000000 
Datos1b27954.txt 1.000000 55309.758970 15.158000 15.535000 Misc 0.000000 0.000000 
Datos1b27923.txt 1.000000 55309.758970 15.791000 16.513000 Misc 0.000000 0.000000 
Datos1b27910.txt 1.000000 55309.758970 12.160000 12.311000 Misc 0.000000 0.000000 
Datos1b279532.txt 0.770085 55309.758970 15.211000 15.684000 Misc 0.000000 0.000000 
Datos1b279398.txt 1.000000 55818.523900 15.252000 15.754000 Misc 0.000000 0.000000 
Datos1b27964.txt 1.000000 56160.600013 12.512000 12.667000 Misc 0.000000 0.000000 
Datos1b279548.txt 1.000000 55309.758970 12.994000 13.142000 Misc 0.000000 0.000000 
Datos1b27919.txt 1.382524 55309.758970 12.021000 12.191000 Misc 0.000000 0.000000 
Datos1b279691.txt 1.000000 55309.758970 13.458000 13.529000 Misc 0.000000 0.000000 
Datos1b279581.txt 1.000000 55309.758970 15.538000 15.930000 Misc 0.000000 0.000000 
Datos1b27971.txt 1.000000 55309.758970 14.895000 15.301000 Misc 0.000000 0.000000 
Datos1b27997.txt 5.983193 55309.758970 15.252000 15.558000 Misc 0.000000 0.000000 
Datos1b279430.txt 1.000000 55309.758970 12.579000 12.689000 Misc 0.000000 0.000000 
Datos1b279175.txt 0.498628 55309.758970 15.434000 15.989000 Misc 0.000000 0.000000 
Datos1b279243.txt 1.000000 55309.758970 12.952000 13.215000 Misc 0.000000 0.000000 
Datos1b279591.txt 1.353612 56160.600013 12.765000 12.943000 Misc 0.000000 0.000000 
Datos1b279123.txt 1.000000 56160.600013 12.765000 12.943000 Misc 0.000000 0.000000 
Datos1b279575.txt 0.999900 55309.758970 14.099000 14.212000 Misc 0.000000 0.000000 
Datos1b279157.txt 0.290494 55309.758970 15.109000 15.674000 Misc 0.000000 0.000000 
Datos1b279200.txt 79.111111 55309.758970 12.427000 12.551000 Misc 0.000000 0.000000 
Datos1b279357.txt 1.971778 55309.758970 16.075000 16.519000 Misc 0.000000 0.000000 
Datos1b279698.txt 1.000000 55309.758970 13.007000 13.129000 Misc 0.000000 0.000000 
Datos1b279603.txt 1.000000 55309.758970 13.007000 13.129000 Misc 0.000000 0.000000 
Datos1b279232.txt 0.730116 55309.758970 15.220000 15.679000 Misc 0.000000 0.000000 
Datos1b279599.txt 1.000000 55818.523900 14.464000 14.627000 Misc 0.000000 0.000000 
Datos1b279531.txt 1.000000 56160.600013 13.981000 14.169000 Misc 0.000000 0.000000 
Datos1b279453.txt 1.444219 55309.758970 15.948000 16.484000 Misc 0.000000 0.000000 
Datos1b279295.txt 1.000000 55309.758970 14.807000 15.030000 Misc 0.000000 0.000000 
Datos1b279672.txt 1.000000 55309.758970 14.648000 15.096000 Misc 0.000000 0.000000 
Datos1b279569.txt 1.000000 55309.758970 14.648000 15.096000 Misc 0.000000 0.000000 
Datos1b279358.txt 1.000000 56160.600013 12.625000 12.786000 Misc 0.000000 0.000000 
Datos1b279501.txt 1.000000 55309.758970 15.464000 15.874000 Misc 0.000000 0.000000 
Datos1b27970.txt 1.000000 55309.758970 15.651000 16.135000 Misc 0.000000 0.000000 
Datos1b27928.txt 0.737060 55818.523900 15.854000 16.346000 Misc 0.000000 0.000000 
Datos1b279576.txt 7.340206 55309.758970 14.767000 15.027000 Misc 0.000000 0.000000 
Datos1b279394.txt 1.000000 55309.758970 14.798000 14.890000 Misc 0.000000 0.000000 
Datos1b279729.txt 1.000000 55309.758970 14.921000 15.103000 Misc 0.000000 0.000000 
Datos1b27916.txt 1.000000 56160.600013 12.290000 12.445000 Misc 0.000000 0.000000 
Datos1b279713.txt 1.000000 55309.758970 15.454000 15.909000 Misc 0.000000 0.000000 
Datos1b279325.txt 1.000000 55309.758970 15.019000 15.391000 Misc 0.000000 0.000000 
Datos1b27979.txt 1.000000 55309.758970 12.662000 12.898000 Misc 0.000000 0.000000 
Datos1b27945.txt 0.261189 55309.758970 12.132000 12.338000 Misc 0.000000 0.000000 
Datos1b27938.txt 1.000000 55309.758970 12.132000 12.338000 Misc 0.000000 0.000000 
Datos1b279265.txt 0.997039 55309.758970 14.615000 14.881000 Misc 0.000000 0.000000 
Datos1b279211.txt 0.997224 55309.758970 14.615000 14.881000 Misc 0.000000 0.000000 
Datos1b279373.txt 1.000000 55309.758970 13.443000 13.802000 Misc 0.000000 0.000000 
Datos1b279524.txt 0.420804 55309.758970 16.111000 16.747000 Misc 0.000000 0.000000 
Datos1b279726.txt 0.294458 55309.758970 15.347000 16.233000 Misc 0.000000 0.000000 
Datos1b279601.txt 2.966667 56160.600013 12.897000 13.033000 Misc 0.000000 0.000000 
Datos1b279345.txt 1.000000 55309.758970 15.908000 16.667000 Misc 0.000000 0.000000 
Datos1b27934.txt 1.000000 55309.758970 15.682000 16.181000 Misc 0.000000 0.000000 
Datos1b279685.txt 1.000000 55309.758970 16.169000 16.855000 Misc 0.000000 0.000000 
Datos1b279545.txt 1.000000 55309.758970 16.169000 16.855000 Misc 0.000000 0.000000 
Datos1b279654.txt 1.000000 55309.758970 15.527000 15.975000 Misc 0.000000 0.000000 
Datos1b2799.txt 0.361170 55309.758970 15.709000 16.273000 Misc 0.000000 0.000000 
Datos1b279592.txt 1.000000 55309.758970 15.709000 16.273000 Misc 0.000000 0.000000 
Datos1b279324.txt 1.000000 55309.758970 15.709000 16.273000 Misc 0.000000 0.000000 
Datos1b279724.txt 1.000000 56160.600013 12.584000 12.728000 Misc 0.000000 0.000000 
Datos1b279565.txt 1.000000 55309.758970 15.825000 16.386000 Misc 0.000000 0.000000 
Datos1b279491.txt 1.000000 55309.758970 15.825000 16.386000 Misc 0.000000 0.000000 
Datos1b279451.txt 1.000000 55309.758970 12.990000 13.225000 Misc 0.000000 0.000000 
Datos1b279417.txt 1.000000 55309.758970 15.141000 15.514000 Misc 0.000000 0.000000 
Datos1b279156.txt 0.289196 55309.758970 12.629000 12.703000 Misc 0.000000 0.000000 
Datos1b279578.txt 1.000000 55818.523900 13.733000 13.857000 Misc 0.000000 0.000000 
Datos1b27977.txt 1.000000 55309.758970 13.251000 13.334000 Misc 0.000000 0.000000 
Datos1b279625.txt 0.623468 55309.758970 14.851000 15.170000 Misc 0.000000 0.000000 
Datos1b279662.txt 1.000000 55309.758970 15.465000 15.923000 Misc 0.000000 0.000000 
Datos1b279290.txt 1.000000 55309.758970 16.078000 16.625000 Misc 0.000000 0.000000 
Datos1b279636.txt 0.224111 55309.758970 15.225000 15.344000 Misc 0.000000 0.000000 
Datos1b2791.txt 1.000000 56484.587456 12.369000 12.522000 Misc 0.000000 0.000000 
Datos1b279557.txt 1.000000 55309.758970 15.233000 15.627000 Misc 0.000000 0.000000 
Datos1b279222.txt 1.000000 55309.758970 11.819000 12.271000 Misc 0.000000 0.000000 
Datos1b279380.txt 1.202703 55309.758970 15.766000 16.203000 Misc 0.000000 0.000000 
Datos1b27969.txt 1.000000 55309.758970 12.831000 13.215000 Misc 0.000000 0.000000 
Datos1b279310.txt 1.000000 56160.600013 12.953000 13.121000 Misc 0.000000 0.000000 
Datos1b27978.txt 1.000000 55309.758970 15.005000 15.341000 Misc 0.000000 0.000000 
Datos1b279704.txt 1.000000 55309.758970 15.005000 15.341000 Misc 0.000000 0.000000 
Datos1b279627.txt 1.000000 55309.758970 13.265000 13.404000 Misc 0.000000 0.000000 
Datos1b279368.txt 1.000000 56160.600013 12.398000 12.550000 Misc 0.000000 0.000000 
Datos1b279505.txt 1.000000 55309.758970 15.321000 15.714000 Misc 0.000000 0.000000 
Datos1b279388.txt 1.000000 55309.758970 16.032000 16.654000 Misc 0.000000 0.000000 
Datos1b279179.txt 1.000000 55309.758970 16.032000 16.654000 Misc 0.000000 0.000000 
Datos1b279624.txt 0.330548 55309.758970 12.998000 13.103000 Misc 0.000000 0.000000 
Datos1b279289.txt 0.333959 55309.758970 12.998000 13.103000 Misc 0.000000 0.000000 
Datos1b279710.txt 1.000000 55309.758970 15.805000 16.314000 Misc 0.000000 0.000000 
Datos1b27960.txt 1.000000 55309.758970 15.905000 16.456000 Misc 0.000000 0.000000 
Datos1b279680.txt 1.000000 55309.758970 14.363000 14.557000 Misc 0.000000 0.000000 
Datos1b27995.txt 1.000000 55309.758970 14.726000 14.906000 Misc 0.000000 0.000000 
Datos1b27913.txt 1.000000 55818.523900 14.579000 14.760000 Misc 0.000000 0.000000 
Datos1b279458.txt 1.493466 55309.758970 12.723000 12.912000 Misc 0.000000 0.000000 
Datos1b279391.txt 1.486608 55309.758970 12.723000 12.912000 Misc 0.000000 0.000000 
Datos1b279655.txt 1.000000 55309.758970 13.272000 13.447000 Misc 0.000000 0.000000 
Datos1b279721.txt 1.000000 55818.523900 14.694000 14.789000 Misc 0.000000 0.000000 
Datos1b279408.txt 1.000000 55309.758970 13.709000 13.829000 Misc 0.000000 0.000000 
Datos1b279163.txt 0.748441 55309.758970 14.984000 15.315000 Misc 0.000000 0.000000 
Datos1b279582.txt 1.000000 55309.758970 13.599000 13.727000 Misc 0.000000 0.000000 
Datos1b279651.txt 0.829192 55309.758970 15.948000 16.424000 Misc 0.000000 0.000000 
Datos1b279261.txt 0.829161 55309.758970 15.948000 16.424000 Misc 0.000000 0.000000 
Datos1b279730.txt 1.000000 55309.758970 14.166000 14.296000 Misc 0.000000 0.000000 
Datos1b279155.txt 0.216611 55309.758970 14.166000 14.296000 Misc 0.000000 0.000000 
Datos1b279483.txt 0.522761 55309.758970 15.450000 15.950000 Misc 0.000000 0.000000 
Datos1b279486.txt 3.109170 56160.600013 12.714000 12.856000 Misc 0.000000 0.000000 
Datos1b279245.txt 1.000000 55309.758970 15.556000 16.033000 Misc 0.000000 0.000000 
Datos1b279187.txt 0.414870 55818.523900 13.632000 13.759000 Misc 0.000000 0.000000 
Datos1b279701.txt 1.000000 56160.600013 13.546000 13.726000 Misc 0.000000 0.000000 
Datos1b2794.txt 1.000000 55818.523900 13.522000 13.627000 Misc 0.000000 0.000000 
Datos1b27946.txt 1.000000 56160.600013 13.800000 13.950000 Misc 0.000000 0.000000 
Datos1b279743.txt 0.629531 55309.758970 14.648000 14.923000 Misc 0.000000 0.000000 
Datos1b279299.txt 0.314488 55309.758970 14.435000 14.695000 Misc 0.000000 0.000000 
Datos1b279120.txt 1.000000 55309.758970 14.705000 15.004000 Misc 0.000000 0.000000 
Datos1b279659.txt 1.000000 55309.758970 12.515000 12.681000 Misc 0.000000 0.000000 
Datos1b279369.txt 0.978840 55818.523900 12.903000 13.160000 Misc 0.000000 0.000000 
Datos1b279525.txt 4.684211 55309.758970 13.199000 13.343000 Misc 0.000000 0.000000 
Datos1b279133.txt 0.290494 55309.758970 13.199000 13.343000 Misc 0.000000 0.000000 
Datos1b279205.txt 1.000000 55309.758970 14.900000 15.203000 Misc 0.000000 0.000000 
Datos1b279521.txt 2.608059 55309.758970 15.000000 15.553000 Misc 0.000000 0.000000 
Datos1b279221.txt 0.421134 55309.758970 12.834000 13.123000 Misc 0.000000 0.000000 
Datos1b279415.txt 1.000000 55309.758970 15.744000 16.342000 Misc 0.000000 0.000000 
Datos1b279250.txt 1.000000 56160.600013 14.305000 14.560000 Misc 0.000000 0.000000 
Datos1b279234.txt 0.803777 55309.758970 15.545000 16.036000 Misc 0.000000 0.000000 
Datos1b279223.txt 1.000000 55309.758970 15.545000 16.036000 Misc 0.000000 0.000000 
Datos1b279315.txt 2.004462 55309.758970 14.190000 14.385000 Misc 0.000000 0.000000 
Datos1b279138.txt 1.000000 55309.758970 15.884000 16.520000 Misc 0.000000 0.000000 
Datos1b279617.txt 22.967742 55309.758970 15.124000 15.742000 Misc 0.000000 0.000000 
Datos1b279546.txt 1.000000 55309.758970 15.124000 15.742000 Misc 0.000000 0.000000 
Datos1b279374.txt 1.000000 55309.758970 15.124000 15.742000 Misc 0.000000 0.000000 
Datos1b279690.txt 1.000000 55309.758970 15.266000 15.586000 Misc 0.000000 0.000000 
Datos1b279410.txt 1.000000 55309.758970 12.736000 12.913000 Misc 0.000000 0.000000 
Datos1b279253.txt 1.000000 55818.523900 12.168000 12.335000 Misc 0.000000 0.000000 
Datos1b27981.txt 1.000000 55309.758970 12.971000 13.136000 Misc 0.000000 0.000000 
Datos1b279712.txt 1.299270 55309.758970 12.822000 13.116000 Misc 0.000000 0.000000 
Datos1b279298.txt 1.273703 55309.758970 12.822000 13.116000 Misc 0.000000 0.000000 
Datos1b279605.txt 1.000000 55309.758970 15.066000 15.346000 Misc 0.000000 0.000000 
Datos1b279514.txt 1.000000 55309.758970 15.066000 15.346000 Misc 0.000000 0.000000 
Datos1b27975.txt 1.000000 55309.758970 14.894000 15.143000 Misc 0.000000 0.000000 
Datos1b279342.txt 1.000000 55309.758970 14.894000 15.143000 Misc 0.000000 0.000000 
Datos1b279669.txt 1.000000 55309.758970 12.367000 12.498000 Misc 0.000000 0.000000 
Datos1b279612.txt 1.000000 55309.758970 12.903000 13.017000 Misc 0.000000 0.000000 
Datos1b279554.txt 1.014245 55309.758970 12.903000 13.017000 Misc 0.000000 0.000000 
Datos1b279648.txt 0.286634 55309.758970 12.186000 12.303000 Misc 0.000000 0.000000 
Datos1b279433.txt 1.000000 55818.523900 12.672000 12.799000 Misc 0.000000 0.000000 
Datos1b279125.txt 1.000000 55309.758970 15.049000 15.430000 Misc 0.000000 0.000000 
Datos1b279526.txt 0.288170 55309.758970 12.451000 12.550000 Misc 0.000000 0.000000 
Datos1b279428.txt 1.000000 55309.758970 12.752000 13.194000 Misc 0.000000 0.000000 
Datos1b279226.txt 0.434942 55309.758970 13.739000 13.890000 Misc 0.000000 0.000000 
Datos1b279616.txt 0.209597 55309.758970 13.792000 13.913000 Misc 0.000000 0.000000 
Datos1b279300.txt 0.210037 55309.758970 13.792000 13.913000 Misc 0.000000 0.000000 
Datos1b279442.txt 1.000000 55309.758970 14.239000 14.624000 Misc 0.000000 0.000000 
Datos1b27927.txt 1.322622 55309.758970 14.239000 14.624000 Misc 0.000000 0.000000 
Datos1b279568.txt 1.511549 55309.758970 12.840000 12.992000 Misc 0.000000 0.000000 
Datos1b279503.txt 1.000000 55309.758970 15.564000 15.994000 Misc 0.000000 0.000000 
Datos1b279643.txt 1.000000 55309.758970 15.430000 15.644000 Misc 0.000000 0.000000 
Datos1b279485.txt 1.000000 55309.758970 15.430000 15.644000 Misc 0.000000 0.000000 
Datos1b279146.txt 1.000000 55309.758970 15.076000 15.437000 Misc 0.000000 0.000000 
Datos1b27940.txt 1.139200 55309.758970 14.632000 14.921000 Misc 0.000000 0.000000 
Datos1b279336.txt 1.000000 55309.758970 14.960000 15.308000 Misc 0.000000 0.000000 
Datos1b279251.txt 1.000000 56160.600013 13.028000 13.183000 Misc 0.000000 0.000000 
Datos1b279344.txt 1.000000 55309.758970 14.503000 14.707000 Misc 0.000000 0.000000 
Datos1b279256.txt 1.000000 55818.523900 13.017000 13.146000 Misc 0.000000 0.000000 
Datos1b27948.txt 1.000000 55309.758970 14.720000 14.983000 Misc 0.000000 0.000000 
Datos1b279641.txt 1.003218 55818.523900 13.983000 14.110000 Misc 0.000000 0.000000 
Datos1b279134.txt 0.983425 55818.523900 13.983000 14.110000 Misc 0.000000 0.000000 
Datos1b27937.txt 0.246282 55818.523900 14.609000 14.787000 Misc 0.000000 0.000000 
Datos1b279272.txt 1.000000 56160.600013 11.957000 12.098000 Misc 0.000000 0.000000 
Datos1b279291.txt 1.000000 55309.758970 12.672000 12.825000 Misc 0.000000 0.000000 
Datos1b279115.txt 0.999918 55309.758970 15.859000 16.620000 Misc 0.000000 0.000000 
Datos1b279564.txt 0.635714 55309.758970 14.571000 14.879000 Misc 0.000000 0.000000 
Datos1b279437.txt 1.000000 55309.758970 14.571000 14.879000 Misc 0.000000 0.000000 
Datos1b279377.txt 1.000000 55309.758970 15.073000 15.391000 Misc 0.000000 0.000000 
Datos1b279468.txt 3.266055 56160.600013 12.784000 12.931000 Misc 0.000000 0.000000 
Datos1b279495.txt 1.000000 55309.758970 15.388000 15.597000 Misc 0.000000 0.000000 
Datos1b279308.txt 1.000000 55309.758970 15.388000 15.597000 Misc 0.000000 0.000000 
Datos1b279171.txt 1.000000 55309.758970 15.388000 15.597000 Misc 0.000000 0.000000 
Datos1b279162.txt 0.473090 55309.758970 14.247000 14.513000 Misc 0.000000 0.000000 
Datos1b279688.txt 1.064275 55309.758970 12.835000 12.897000 Misc 0.000000 0.000000 
Datos1b279122.txt 0.500000 55309.758970 14.812000 14.916000 Misc 0.000000 0.000000 
Datos1b279693.txt 0.629531 55309.758970 15.139000 15.470000 Misc 0.000000 0.000000 
Datos1b279210.txt 1.000000 55818.523900 12.553000 12.687000 Misc 0.000000 0.000000 
Datos1b27965.txt 0.412754 55309.758970 15.511000 16.072000 Misc 0.000000 0.000000 
Datos1b279259.txt 1.000000 55818.523900 12.457000 12.587000 Misc 0.000000 0.000000 
Datos1b27951.txt 0.289196 55309.758970 14.317000 14.524000 Misc 0.000000 0.000000 
Datos1b279507.txt 1.585746 55309.758970 14.317000 14.524000 Misc 0.000000 0.000000 
Datos1b279302.txt 1.000000 55309.758970 14.635000 14.851000 Misc 0.000000 0.000000 
Datos1b279731.txt 1.000000 55309.758970 12.813000 13.023000 Misc 0.000000 0.000000 
Datos1b279269.txt 0.264393 55818.523900 14.340000 14.557000 Misc 0.000000 0.000000 
Datos1b279320.txt 1.000000 55309.758970 12.610000 12.716000 Misc 0.000000 0.000000 
Datos1b279118.txt 1.000000 55309.758970 12.610000 12.716000 Misc 0.000000 0.000000 
Datos1b279117.txt 1.000000 55309.758970 12.610000 12.716000 Misc 0.000000 0.000000 
Datos1b279427.txt 0.339209 55818.523900 12.738000 12.854000 Misc 0.000000 0.000000 
Datos1b279126.txt 1.000000 55818.523900 13.656000 13.815000 Misc 0.000000 0.000000 
Datos1b279327.txt 1.000000 55309.758970 14.291000 14.451000 Misc 0.000000 0.000000 
Datos1b279367.txt 1.000000 55309.758970 15.114000 15.257000 Misc 0.000000 0.000000 
Datos1b279247.txt 1.000000 55309.758970 13.015000 13.136000 Misc 0.000000 0.000000 
Datos1b27915.txt 1.000000 55309.758970 15.813000 16.269000 Misc 0.000000 0.000000 
Datos1b279414.txt 1.000000 55309.758970 13.292000 13.396000 Misc 0.000000 0.000000 
Datos1b279202.txt 1.000000 55309.758970 13.292000 13.396000 Misc 0.000000 0.000000 
Datos1b279674.txt 1.000000 55309.758970 13.279000 13.530000 Misc 0.000000 0.000000 
Datos1b279697.txt 0.611684 55309.758970 15.611000 16.059000 Misc 0.000000 0.000000 
Datos1b279480.txt 1.000000 55309.758970 15.542000 16.160000 Misc 0.000000 0.000000 
Datos1b279424.txt 1.000000 55818.523900 13.590000 13.703000 Misc 0.000000 0.000000 
Datos1b279275.txt 1.000000 55309.758970 12.959000 13.018000 Misc 0.000000 0.000000 
Datos1b27996.txt 1.000000 55309.758970 12.877000 13.097000 Misc 0.000000 0.000000 
Datos1b279382.txt 0.392719 55309.758970 14.458000 14.767000 Misc 0.000000 0.000000 
Datos1b279176.txt 1.000000 55309.758970 13.292000 13.418000 Misc 0.000000 0.000000 
Datos1b279112.txt 1.000000 55309.758970 12.731000 12.908000 Misc 0.000000 0.000000 
Datos1b279151.txt 1.000000 56160.600013 12.386000 12.514000 Misc 0.000000 0.000000 
Datos1b279742.txt 1.000000 55309.758970 12.476000 12.596000 Misc 0.000000 0.000000 
Datos1b279103.txt 1.000000 55309.758970 12.476000 12.596000 Misc 0.000000 0.000000 
Datos1b279311.txt 1.000000 56160.600013 11.958000 12.081000 Misc 0.000000 0.000000 
Datos1b279421.txt 1.000000 55309.758970 15.788000 16.253000 Misc 0.000000 0.000000 
Datos1b279328.txt 0.544759 55818.523900 11.978000 12.079000 Misc 0.000000 0.000000 
Datos1b279285.txt 0.544759 55818.523900 11.978000 12.079000 Misc 0.000000 0.000000 
Datos1b279683.txt 1.000000 55818.523900 12.825000 12.939000 Misc 0.000000 0.000000 
Datos1b279665.txt 1.000000 55309.758970 14.733000 15.159000 Misc 0.000000 0.000000 
Datos1b279355.txt 1.000000 55309.758970 14.733000 15.159000 Misc 0.000000 0.000000 
Datos1b279102.txt 1.000000 55309.758970 12.635000 12.726000 Misc 0.000000 0.000000 
Datos1b279652.txt 0.558870 55309.758970 13.523000 13.649000 Misc 0.000000 0.000000 
Datos1b2793.txt 0.498599 55309.758970 15.111000 15.408000 Misc 0.000000 0.000000 
Datos1b279257.txt 1.000000 56160.600013 12.334000 12.481000 Misc 0.000000 0.000000 
Datos1b279147.txt 1.000000 55818.523900 12.819000 12.910000 Misc 0.000000 0.000000 
Datos1b279188.txt 1.000000 56160.600013 13.122000 13.301000 Misc 0.000000 0.000000 
Datos1b279143.txt 2.246057 55309.758970 12.756000 12.975000 Misc 0.000000 0.000000 
Datos1b279406.txt 1.000000 55309.758970 12.762000 12.873000 Misc 0.000000 0.000000 
Datos1b279478.txt 0.728762 55309.758970 13.012000 13.116000 Misc 0.000000 0.000000 
Datos1b279207.txt 1.000000 55309.758970 13.012000 13.116000 Misc 0.000000 0.000000 
Datos1b279518.txt 1.000000 56160.600013 13.287000 13.416000 Misc 0.000000 0.000000 
Datos1b279457.txt 1.000000 56160.600013 11.979000 12.063000 Misc 0.000000 0.000000 
Datos1b279671.txt 1.000000 55309.758970 14.396000 14.583000 Misc 0.000000 0.000000 
Datos1b279390.txt 1.000000 55309.758970 15.423000 15.900000 Misc 0.000000 0.000000 
Datos1b279573.txt 1.000000 55309.758970 13.238000 13.341000 Misc 0.000000 0.000000 
Datos1b279692.txt 0.984795 55818.523900 13.295000 13.457000 Misc 0.000000 0.000000 
Datos1b279622.txt 0.323931 55309.758970 12.851000 12.996000 Misc 0.000000 0.000000 
Datos1b279464.txt 0.730546 55309.758970 15.811000 16.532000 Misc 0.000000 0.000000 
Datos1b279363.txt 1.000000 55818.523900 13.171000 13.297000 Misc 0.000000 0.000000 
Datos1b279446.txt 1.000000 55818.523900 14.732000 15.045000 Misc 0.000000 0.000000 
Datos1b279405.txt 1.000000 55818.523900 13.390000 13.525000 Misc 0.000000 0.000000 
Datos1b279206.txt 0.405006 55309.758970 15.065000 15.495000 Misc 0.000000 0.000000 
Datos1b279313.txt 1.000000 55309.758970 12.088000 12.179000 Misc 0.000000 0.000000 
Datos1b279588.txt 1.000000 55309.758970 13.711000 13.864000 Misc 0.000000 0.000000 
Datos1b279556.txt 1.000000 55309.758970 13.711000 13.864000 Misc 0.000000 0.000000 
Datos1b279621.txt 1.000000 55818.523900 12.615000 12.731000 Misc 0.000000 0.000000 
Datos1b27998.txt 2.443993 55309.758970 15.550000 16.200000 Misc 0.000000 0.000000 
Datos1b279209.txt 0.827537 55309.758970 15.745000 16.327000 Misc 0.000000 0.000000 
Datos1b279679.txt 0.498599 55818.523900 13.128000 13.234000 Misc 0.000000 0.000000 
Datos1b279189.txt 0.506401 55818.523900 13.128000 13.234000 Misc 0.000000 0.000000 
Datos1b279558.txt 1.000000 55309.758970 13.920000 14.075000 Misc 0.000000 0.000000 
Datos1b279533.txt 1.000000 55818.523900 13.516000 13.627000 Misc 0.000000 0.000000 
Datos1b279719.txt 1.000000 55818.523900 12.635000 12.703000 Misc 0.000000 0.000000 
Datos1b279488.txt 1.000000 55309.758970 12.548000 12.653000 Misc 0.000000 0.000000 
Datos1b279319.txt 0.246710 55309.758970 15.658000 16.126000 Misc 0.000000 0.000000 
Datos1b279702.txt 1.000000 55309.758970 14.051000 14.153000 Misc 0.000000 0.000000 
Datos1b279469.txt 1.000000 55309.758970 12.974000 13.055000 Misc 0.000000 0.000000 
Datos1b279469.txt 1.000000 55309.758970 12.974000 13.055000 Misc 0.000000 0.000000 
