Datos1b279199.txt 0.919728 55309.758970 13.076000 13.248000 Misc 0.000000 0.000000 
Datos1b279434.txt 31.292283 55309.758970 12.470000 12.663000 Misc 0.000000 0.000000 
Datos1b279523.txt 0.975781 55309.758970 14.684000 15.081000 Misc 0.000000 0.000000 
Datos1b279196.txt 0.516358 55309.758970 15.036000 15.423000 Misc 0.000000 0.000000 
Datos1b279366.txt 0.508731 55309.758970 14.384000 14.740000 Misc 0.000000 0.000000 
Datos1b279585.txt 0.482271 55309.758970 13.420000 13.748000 Misc 0.000000 0.000000 
Datos1b279263.txt 0.973384 55309.758970 14.827000 15.288000 Misc 0.000000 0.000000 
Datos1b279542.txt 0.979146 55309.758970 13.652000 13.971000 Misc 0.000000 0.000000 
Datos1b279190.txt 3.323943 55309.758970 15.389000 16.045000 Misc 0.000000 0.000000 
Datos1b27931.txt 9.143409 55309.758970 13.071000 13.516000 Misc 0.000000 0.000000 
Datos1b279431.txt 18.082918 55309.758970 12.798000 13.158000 Misc 0.000000 0.000000 
Datos1b27953.txt 1.109129 55309.758970 13.193000 13.414000 Misc 0.000000 0.000000 
Datos1b279630.txt 1.801952 55309.758970 13.047000 13.778000 Misc 0.000000 0.000000 
Datos1b279412.txt 0.374102 55309.758970 13.295000 13.545000 Misc 0.000000 0.000000 
Datos1b279552.txt 1.018687 55309.758970 14.140000 14.441000 Misc 0.000000 0.000000 
Datos1b279450.txt 1.018674 55309.758970 14.140000 14.441000 Misc 0.000000 0.000000 
Datos1b279682.txt 1.064283 55309.758970 12.715000 12.957000 Misc 0.000000 0.000000 
Datos1b279574.txt 1.064277 55309.758970 12.715000 12.957000 Misc 0.000000 0.000000 
Datos1b279687.txt 1.067688 55309.758970 14.105000 14.426000 Misc 0.000000 0.000000 
Datos1b279607.txt 0.923535 55309.758970 14.669000 15.008000 Misc 0.000000 0.000000 
Datos1b279335.txt 0.609950 55309.758970 14.016000 14.314000 Misc 0.000000 0.000000 
Datos1b27955.txt 0.883143 55309.758970 15.488000 15.928000 Misc 0.000000 0.000000 
Datos1b279673.txt 0.411583 55818.523900 14.939000 15.487000 Misc 0.000000 0.000000 
Datos1b279397.txt 1.131513 55309.758970 14.193000 14.525000 Misc 0.000000 0.000000 
Datos1b279516.txt 0.562695 55309.758970 14.301000 14.602000 Misc 0.000000 0.000000 
Datos1b279465.txt 0.562685 55309.758970 14.301000 14.602000 Misc 0.000000 0.000000 
Datos1b279132.txt 0.222291 55309.758970 13.652000 14.145000 Misc 0.000000 0.000000 
Datos1b279553.txt 2.988137 55309.758970 14.922000 15.299000 Misc 0.000000 0.000000 
Datos1b279145.txt 1.080552 55309.758970 14.017000 14.317000 Misc 0.000000 0.000000 
Datos1b279677.txt 0.886796 55309.758970 15.089000 15.519000 Misc 0.000000 0.000000 
Datos1b279185.txt 0.357667 55309.758970 12.696000 12.927000 Misc 0.000000 0.000000 
Datos1b279628.txt 10.411104 55309.758970 13.933000 14.312000 Misc 0.000000 0.000000 
Datos1b27914.txt 0.573351 55309.758970 14.216000 14.606000 Misc 0.000000 0.000000 
Datos1b279353.txt 0.368430 55309.758970 13.767000 13.991000 Misc 0.000000 0.000000 
Datos1b279323.txt 12.637407 55818.523900 12.853000 13.111000 Misc 0.000000 0.000000 
Datos1b279504.txt 0.598177 55309.758970 14.651000 14.984000 Misc 0.000000 0.000000 
Datos1b279254.txt 0.598169 55309.758970 14.651000 14.984000 Misc 0.000000 0.000000 
Datos1b279400.txt 0.588225 55818.523900 13.487000 13.798000 Misc 0.000000 0.000000 
Datos1b279613.txt 1.118354 55309.758970 14.649000 14.973000 Misc 0.000000 0.000000 
Datos1b279411.txt 0.544565 55309.758970 13.920000 14.177000 Misc 0.000000 0.000000 
Datos1b279497.txt 0.717036 55309.758970 14.688000 15.276000 Misc 0.000000 0.000000 
Datos1b279364.txt 0.362277 55309.758970 12.712000 13.113000 Misc 0.000000 0.000000 
Datos1b279389.txt 0.367946 55309.758970 15.766000 16.431000 Misc 0.000000 0.000000 
Datos1b279402.txt 0.626713 55309.758970 12.798000 13.094000 Misc 0.000000 0.000000 
Datos1b279159.txt 0.626698 55309.758970 12.798000 13.094000 Misc 0.000000 0.000000 
Datos1b279195.txt 0.596910 55309.758970 14.145000 14.431000 Misc 0.000000 0.000000 
Datos1b279144.txt 1.155315 55309.758970 13.976000 14.257000 Misc 0.000000 0.000000 
Datos1b27942.txt 0.369257 55309.758970 13.076000 13.346000 Misc 0.000000 0.000000 
Datos1b2790.txt 2.769271 55309.758970 14.659000 14.981000 Misc 0.000000 0.000000 
Datos1b279661.txt 1.176272 55309.758970 14.242000 14.518000 Misc 0.000000 0.000000 
Datos1b27972.txt 0.237253 55309.758970 15.156000 15.562000 Misc 0.000000 0.000000 
Datos1b279707.txt 0.213653 55818.523900 15.187000 15.761000 Misc 0.000000 0.000000 
Datos1b279474.txt 0.213654 55818.523900 15.187000 15.761000 Misc 0.000000 0.000000 
Datos1b279740.txt 3.064054 55309.758970 13.212000 13.509000 Misc 0.000000 0.000000 
Datos1b279647.txt 1.612869 55309.758970 14.614000 15.031000 Misc 0.000000 0.000000 
Datos1b2795.txt 1.613091 55309.758970 14.614000 15.031000 Misc 0.000000 0.000000 
Datos1b279280.txt 1.409786 55309.758970 14.078000 14.479000 Misc 0.000000 0.000000 
Datos1b279264.txt 0.319045 55309.758970 14.056000 14.345000 Misc 0.000000 0.000000 
Datos1b279106.txt 1.499958 55309.758970 13.890000 14.119000 Misc 0.000000 0.000000 
Datos1b279519.txt 0.760398 55309.758970 15.134000 15.613000 Misc 0.000000 0.000000 
Datos1b279337.txt 0.200859 55309.758970 14.908000 15.311000 Misc 0.000000 0.000000 
Datos1b2798.txt 0.717373 55309.758970 14.462000 14.807000 Misc 0.000000 0.000000 
Datos1b279543.txt 1.434807 55309.758970 14.462000 14.807000 Misc 0.000000 0.000000 
Datos1b279639.txt 1.461553 55309.758970 14.436000 14.784000 Misc 0.000000 0.000000 
Datos1b279240.txt 1.461589 55309.758970 14.436000 14.784000 Misc 0.000000 0.000000 
Datos1b279594.txt 0.403609 55309.758970 12.931000 13.183000 Misc 0.000000 0.000000 
Datos1b279213.txt 0.416104 55309.758970 15.423000 15.900000 Misc 0.000000 0.000000 
Datos1b27982.txt 0.650524 55309.758970 15.648000 16.377000 Misc 0.000000 0.000000 
Datos1b279404.txt 0.650522 55309.758970 15.648000 16.377000 Misc 0.000000 0.000000 
