Datos1b278638.txt 1.000000 55820.561995 14.667000 15.055000 Misc 0.000000 0.000000 
Datos1b278533.txt 1.000000 55820.561995 12.777000 12.970000 Misc 0.000000 0.000000 
Datos1b278730.txt 1.000000 55820.561995 13.659000 13.824000 Misc 0.000000 0.000000 
Datos1b278387.txt 1.000000 55820.561995 15.822000 16.640000 Misc 0.000000 0.000000 
Datos1b278285.txt 0.996956 55820.561995 12.465000 12.630000 Misc 0.000000 0.000000 
Datos1b278491.txt 1.000000 55820.561995 13.477000 13.882000 Misc 0.000000 0.000000 
Datos1b27849.txt 1.000000 55820.561995 12.613000 12.792000 Misc 0.000000 0.000000 
Datos1b278438.txt 0.306413 55820.561995 12.737000 13.018000 Misc 0.000000 0.000000 
Datos1b278462.txt 0.996727 55820.561995 12.884000 13.110000 Misc 0.000000 0.000000 
Datos1b2784.txt 0.996759 55820.561995 12.884000 13.110000 Misc 0.000000 0.000000 
Datos1b278239.txt 1.000000 55820.561995 14.569000 15.003000 Misc 0.000000 0.000000 
Datos1b278123.txt 1.000000 55820.561995 16.002000 16.655000 Misc 0.000000 0.000000 
Datos1b278188.txt 1.000000 55839.524416 15.360000 15.858000 Misc 0.000000 0.000000 
Datos1b278209.txt 0.987120 55820.561995 13.335000 13.675000 Misc 0.000000 0.000000 
Datos1b278637.txt 0.517698 55820.561995 14.768000 15.087000 Misc 0.000000 0.000000 
Datos1b278837.txt 1.000000 55820.561995 13.238000 13.524000 Misc 0.000000 0.000000 
Datos1b278412.txt 1.000000 55820.561995 13.838000 14.158000 Misc 0.000000 0.000000 
Datos1b27890.txt 1.000000 55820.561995 14.452000 15.005000 Misc 0.000000 0.000000 
Datos1b278666.txt 1.000000 55820.561995 13.615000 13.853000 Misc 0.000000 0.000000 
Datos1b278828.txt 1.000000 55820.561995 14.067000 14.308000 Misc 0.000000 0.000000 
Datos1b278106.txt 0.448397 55820.561995 15.816000 16.547000 Misc 0.000000 0.000000 
Datos1b278863.txt 0.429200 55820.561995 12.055000 12.249000 Misc 0.000000 0.000000 
Datos1b278623.txt 0.676468 55820.561995 13.712000 13.930000 Misc 0.000000 0.000000 
Datos1b278128.txt 1.000000 55820.561995 13.712000 13.930000 Misc 0.000000 0.000000 
Datos1b278235.txt 1.000000 55820.561995 16.219000 16.843000 Misc 0.000000 0.000000 
Datos1b278132.txt 0.313745 55820.561995 15.188000 15.844000 Misc 0.000000 0.000000 
Datos1b278439.txt 0.997228 55820.561995 16.053000 16.724000 Misc 0.000000 0.000000 
Datos1b27815.txt 1.000000 55820.561995 13.035000 13.280000 Misc 0.000000 0.000000 
Datos1b278393.txt 1.000000 55820.561995 13.371000 13.583000 Misc 0.000000 0.000000 
Datos1b278865.txt 0.987120 55820.561995 13.817000 14.221000 Misc 0.000000 0.000000 
Datos1b278419.txt 0.969924 55820.561995 15.803000 16.340000 Misc 0.000000 0.000000 
Datos1b278246.txt 0.497017 55820.561995 13.746000 14.318000 Misc 0.000000 0.000000 
Datos1b278378.txt 1.000000 55820.561995 15.934000 16.523000 Misc 0.000000 0.000000 
Datos1b278549.txt 1.099254 55820.561995 13.800000 14.063000 Misc 0.000000 0.000000 
Datos1b278452.txt 0.998821 55820.561995 13.245000 13.505000 Misc 0.000000 0.000000 
Datos1b278134.txt 1.000000 55820.561995 13.245000 13.505000 Misc 0.000000 0.000000 
Datos1b278559.txt 1.000000 55820.561995 12.656000 12.854000 Misc 0.000000 0.000000 
Datos1b278160.txt 1.000000 55820.561995 13.003000 13.249000 Misc 0.000000 0.000000 
Datos1b278667.txt 1.000000 55820.561995 12.706000 12.889000 Misc 0.000000 0.000000 
Datos1b27897.txt 0.451487 55820.561995 15.899000 16.276000 Misc 0.000000 0.000000 
Datos1b278511.txt 1.000000 56507.495576 12.874000 13.087000 Misc 0.000000 0.000000 
Datos1b278718.txt 0.819855 55820.561995 13.359000 13.544000 Misc 0.000000 0.000000 
Datos1b278126.txt 0.868934 55820.561995 13.359000 13.544000 Misc 0.000000 0.000000 
Datos1b278433.txt 1.000000 55820.561995 16.030000 16.721000 Misc 0.000000 0.000000 
Datos1b278354.txt 1.000000 55820.561995 12.435000 12.600000 Misc 0.000000 0.000000 
Datos1b278288.txt 0.517698 55820.561995 12.435000 12.600000 Misc 0.000000 0.000000 
Datos1b278522.txt 0.332425 55820.561995 15.999000 16.542000 Misc 0.000000 0.000000 
Datos1b27861.txt 0.846420 55820.561995 15.509000 15.945000 Misc 0.000000 0.000000 
Datos1b27898.txt 1.335192 55820.561995 14.851000 15.259000 Misc 0.000000 0.000000 
Datos1b27877.txt 1.000000 55820.561995 12.950000 13.192000 Misc 0.000000 0.000000 
Datos1b278554.txt 1.000000 55820.561995 12.950000 13.192000 Misc 0.000000 0.000000 
Datos1b278319.txt 0.312591 55820.561995 14.181000 14.543000 Misc 0.000000 0.000000 
Datos1b27848.txt 1.000000 55820.561995 12.941000 13.179000 Misc 0.000000 0.000000 
Datos1b278348.txt 0.616672 55820.561995 15.454000 15.904000 Misc 0.000000 0.000000 
Datos1b278693.txt 1.000000 55820.561995 13.336000 13.686000 Misc 0.000000 0.000000 
Datos1b278607.txt 1.000000 55820.561995 13.336000 13.686000 Misc 0.000000 0.000000 
Datos1b278493.txt 1.000000 55820.561995 13.336000 13.686000 Misc 0.000000 0.000000 
Datos1b278437.txt 1.000000 55820.561995 14.767000 15.374000 Misc 0.000000 0.000000 
Datos1b278614.txt 1.000000 55820.561995 15.225000 15.760000 Misc 0.000000 0.000000 
Datos1b278118.txt 1.000000 55820.561995 15.669000 16.111000 Misc 0.000000 0.000000 
Datos1b278822.txt 1.000000 55820.561995 12.638000 12.959000 Misc 0.000000 0.000000 
Datos1b278331.txt 1.000000 55820.561995 12.638000 12.959000 Misc 0.000000 0.000000 
Datos1b278443.txt 1.000000 55820.561995 16.155000 16.756000 Misc 0.000000 0.000000 
Datos1b278242.txt 1.000000 55820.561995 16.155000 16.756000 Misc 0.000000 0.000000 
Datos1b27892.txt 1.000000 55820.561995 15.328000 15.839000 Misc 0.000000 0.000000 
Datos1b278586.txt 0.944308 55820.561995 15.356000 15.817000 Misc 0.000000 0.000000 
Datos1b278281.txt 0.941164 55820.561995 15.356000 15.817000 Misc 0.000000 0.000000 
Datos1b278860.txt 0.418249 55820.561995 13.858000 14.088000 Misc 0.000000 0.000000 
Datos1b27835.txt 0.885833 55820.561995 12.915000 13.201000 Misc 0.000000 0.000000 
Datos1b27811.txt 0.621070 55820.561995 16.063000 16.631000 Misc 0.000000 0.000000 
Datos1b278736.txt 1.000000 55820.561995 15.549000 16.067000 Misc 0.000000 0.000000 
Datos1b278300.txt 0.520794 56507.495576 15.526000 15.937000 Misc 0.000000 0.000000 
Datos1b278345.txt 1.000000 55820.561995 16.211000 17.077000 Misc 0.000000 0.000000 
Datos1b278306.txt 1.000000 55820.561995 16.211000 17.077000 Misc 0.000000 0.000000 
Datos1b27818.txt 1.000000 55820.561995 15.169000 15.589000 Misc 0.000000 0.000000 
Datos1b278353.txt 0.499384 55820.561995 15.330000 15.953000 Misc 0.000000 0.000000 
Datos1b278654.txt 1.000000 55820.561995 13.526000 13.709000 Misc 0.000000 0.000000 
Datos1b278119.txt 0.386680 55820.561995 13.526000 13.709000 Misc 0.000000 0.000000 
Datos1b278287.txt 1.000000 55820.561995 15.620000 16.171000 Misc 0.000000 0.000000 
Datos1b27889.txt 1.000000 55820.561995 15.659000 16.208000 Misc 0.000000 0.000000 
Datos1b278298.txt 1.000000 55820.561995 12.693000 12.939000 Misc 0.000000 0.000000 
Datos1b278383.txt 1.000000 55820.561995 16.070000 16.821000 Misc 0.000000 0.000000 
Datos1b278289.txt 20.602151 55820.561995 16.070000 16.821000 Misc 0.000000 0.000000 
Datos1b278761.txt 1.000000 55820.561995 13.916000 14.141000 Misc 0.000000 0.000000 
Datos1b278835.txt 0.292029 55820.561995 14.935000 15.351000 Misc 0.000000 0.000000 
Datos1b278282.txt 2.621067 55820.561995 12.280000 12.606000 Misc 0.000000 0.000000 
Datos1b278461.txt 1.000000 55820.561995 13.453000 13.674000 Misc 0.000000 0.000000 
Datos1b27894.txt 0.766891 55820.561995 15.905000 16.363000 Misc 0.000000 0.000000 
Datos1b278352.txt 1.000000 55820.561995 15.812000 16.435000 Misc 0.000000 0.000000 
Datos1b278629.txt 1.000000 55820.561995 15.873000 16.456000 Misc 0.000000 0.000000 
Datos1b278597.txt 1.000000 55820.561995 15.873000 16.456000 Misc 0.000000 0.000000 
Datos1b278390.txt 1.000000 55820.561995 15.734000 16.272000 Misc 0.000000 0.000000 
Datos1b278268.txt 1.000000 55820.561995 15.734000 16.272000 Misc 0.000000 0.000000 
Datos1b278748.txt 1.000000 55820.561995 15.144000 15.951000 Misc 0.000000 0.000000 
Datos1b278205.txt 1.000000 55820.561995 15.916000 16.418000 Misc 0.000000 0.000000 
Datos1b278622.txt 1.000000 55820.561995 13.716000 13.918000 Misc 0.000000 0.000000 
Datos1b278827.txt 1.000000 55820.561995 14.061000 14.337000 Misc 0.000000 0.000000 
Datos1b278561.txt 0.668761 55820.561995 14.601000 14.983000 Misc 0.000000 0.000000 
Datos1b278221.txt 0.221058 55820.561995 12.506000 12.698000 Misc 0.000000 0.000000 
Datos1b278776.txt 1.000000 55820.561995 13.066000 13.276000 Misc 0.000000 0.000000 
Datos1b278447.txt 1.000000 55820.561995 14.488000 14.747000 Misc 0.000000 0.000000 
Datos1b278647.txt 1.000000 55820.561995 15.619000 16.126000 Misc 0.000000 0.000000 
Datos1b278857.txt 1.000000 55820.561995 13.120000 13.303000 Misc 0.000000 0.000000 
Datos1b278275.txt 1.000000 55820.561995 15.088000 15.463000 Misc 0.000000 0.000000 
Datos1b278642.txt 1.507139 55820.561995 15.944000 16.481000 Misc 0.000000 0.000000 
Datos1b278606.txt 1.000000 56507.495576 15.084000 15.590000 Misc 0.000000 0.000000 
Datos1b27832.txt 1.000000 55820.561995 15.793000 16.393000 Misc 0.000000 0.000000 
Datos1b278296.txt 1.000000 55820.561995 15.663000 16.084000 Misc 0.000000 0.000000 
Datos1b27851.txt 1.000000 55820.561995 14.272000 14.631000 Misc 0.000000 0.000000 
Datos1b278310.txt 1.000000 55820.561995 12.073000 12.329000 Misc 0.000000 0.000000 
Datos1b278801.txt 1.000000 55820.561995 13.750000 13.970000 Misc 0.000000 0.000000 
Datos1b278173.txt 1.000000 55820.561995 15.014000 15.381000 Misc 0.000000 0.000000 
Datos1b278794.txt 1.000000 55820.561995 16.060000 16.842000 Misc 0.000000 0.000000 
Datos1b278566.txt 0.217537 55820.561995 15.568000 16.063000 Misc 0.000000 0.000000 
Datos1b278780.txt 1.000000 55820.561995 15.963000 16.460000 Misc 0.000000 0.000000 
Datos1b278613.txt 1.925628 55820.561995 15.697000 16.452000 Misc 0.000000 0.000000 
Datos1b278417.txt 1.969168 55820.561995 15.697000 16.452000 Misc 0.000000 0.000000 
Datos1b278620.txt 0.373416 55820.561995 15.952000 16.613000 Misc 0.000000 0.000000 
Datos1b278696.txt 1.000000 55820.561995 15.941000 16.511000 Misc 0.000000 0.000000 
Datos1b27822.txt 1.000000 55820.561995 15.886000 16.461000 Misc 0.000000 0.000000 
Datos1b278225.txt 1.000000 55820.561995 16.191000 16.848000 Misc 0.000000 0.000000 
Datos1b278108.txt 1.000000 55820.561995 15.381000 15.849000 Misc 0.000000 0.000000 
Datos1b27858.txt 1.135139 55820.561995 13.881000 14.099000 Misc 0.000000 0.000000 
Datos1b278315.txt 1.000000 55820.561995 15.594000 16.040000 Misc 0.000000 0.000000 
Datos1b278320.txt 0.330858 55820.561995 15.794000 16.321000 Misc 0.000000 0.000000 
Datos1b278199.txt 0.332032 55820.561995 15.794000 16.321000 Misc 0.000000 0.000000 
Datos1b278805.txt 1.000000 55820.561995 14.794000 15.115000 Misc 0.000000 0.000000 
Datos1b278135.txt 1.521843 55820.561995 15.929000 16.839000 Misc 0.000000 0.000000 
Datos1b278267.txt 1.000000 55820.561995 12.188000 12.365000 Misc 0.000000 0.000000 
Datos1b278416.txt 1.189323 55820.561995 15.422000 15.875000 Misc 0.000000 0.000000 
Datos1b278527.txt 0.523927 55820.561995 15.953000 16.549000 Misc 0.000000 0.000000 
Datos1b278292.txt 0.520794 55820.561995 15.953000 16.549000 Misc 0.000000 0.000000 
Datos1b278729.txt 1.000000 55820.561995 15.074000 15.657000 Misc 0.000000 0.000000 
Datos1b27828.txt 0.516198 55820.561995 15.951000 16.478000 Misc 0.000000 0.000000 
Datos1b27839.txt 0.997122 55820.561995 13.082000 13.286000 Misc 0.000000 0.000000 
Datos1b278326.txt 1.000000 55820.561995 15.815000 16.403000 Misc 0.000000 0.000000 
Datos1b278798.txt 1.000000 55820.561995 14.361000 14.652000 Misc 0.000000 0.000000 
Datos1b278145.txt 1.515922 55820.561995 15.944000 16.748000 Misc 0.000000 0.000000 
Datos1b278531.txt 0.716128 55820.561995 15.634000 16.104000 Misc 0.000000 0.000000 
Datos1b278619.txt 1.783993 55820.561995 15.730000 16.349000 Misc 0.000000 0.000000 
Datos1b278457.txt 0.203714 55820.561995 15.730000 16.349000 Misc 0.000000 0.000000 
Datos1b278212.txt 0.203165 55820.561995 13.770000 13.970000 Misc 0.000000 0.000000 
Datos1b27845.txt 1.000000 55820.561995 15.604000 16.084000 Misc 0.000000 0.000000 
Datos1b278782.txt 1.000000 55820.561995 15.993000 16.631000 Misc 0.000000 0.000000 
Datos1b278700.txt 0.996323 55820.561995 15.876000 16.548000 Misc 0.000000 0.000000 
Datos1b278340.txt 0.280063 55820.561995 13.745000 13.960000 Misc 0.000000 0.000000 
Datos1b278868.txt 1.504199 55820.561995 13.179000 13.534000 Misc 0.000000 0.000000 
Datos1b278756.txt 1.000000 55820.561995 15.521000 16.058000 Misc 0.000000 0.000000 
Datos1b278750.txt 3.452252 55820.561995 15.521000 16.058000 Misc 0.000000 0.000000 
Datos1b278124.txt 1.000000 56507.495576 15.783000 16.367000 Misc 0.000000 0.000000 
Datos1b278747.txt 1.000000 55820.561995 15.692000 16.311000 Misc 0.000000 0.000000 
Datos1b278483.txt 1.000000 55820.561995 16.136000 16.820000 Misc 0.000000 0.000000 
Datos1b278424.txt 0.784146 55820.561995 15.892000 16.570000 Misc 0.000000 0.000000 
Datos1b278685.txt 1.000000 55820.561995 13.042000 13.189000 Misc 0.000000 0.000000 
Datos1b278159.txt 0.985692 55820.561995 12.816000 12.966000 Misc 0.000000 0.000000 
Datos1b278821.txt 0.464492 55820.561995 14.716000 14.898000 Misc 0.000000 0.000000 
Datos1b278174.txt 1.000000 55820.561995 12.379000 12.597000 Misc 0.000000 0.000000 
Datos1b278516.txt 0.245862 55820.561995 15.470000 15.888000 Misc 0.000000 0.000000 
Datos1b278394.txt 0.246558 55820.561995 15.470000 15.888000 Misc 0.000000 0.000000 
Datos1b278337.txt 1.000000 55820.561995 13.030000 13.192000 Misc 0.000000 0.000000 
Datos1b278198.txt 1.000000 55820.561995 15.736000 16.310000 Misc 0.000000 0.000000 
Datos1b278598.txt 0.294000 55820.561995 16.086000 16.603000 Misc 0.000000 0.000000 
Datos1b27813.txt 1.000000 55820.561995 16.075000 16.853000 Misc 0.000000 0.000000 
Datos1b278503.txt 0.433707 55820.561995 15.789000 16.364000 Misc 0.000000 0.000000 
Datos1b278508.txt 1.000000 55820.561995 12.838000 13.017000 Misc 0.000000 0.000000 
Datos1b278784.txt 1.000000 55820.561995 14.299000 14.604000 Misc 0.000000 0.000000 
Datos1b278769.txt 1.000000 55820.561995 12.603000 12.838000 Misc 0.000000 0.000000 
Datos1b278125.txt 1.000000 55820.561995 15.773000 16.286000 Misc 0.000000 0.000000 
Datos1b278302.txt 1.000000 55820.561995 15.459000 16.006000 Misc 0.000000 0.000000 
Datos1b278609.txt 1.000000 55820.561995 16.120000 16.831000 Misc 0.000000 0.000000 
Datos1b27837.txt 0.293141 55820.561995 16.216000 16.881000 Misc 0.000000 0.000000 
Datos1b278616.txt 1.000000 55820.561995 12.451000 12.652000 Misc 0.000000 0.000000 
Datos1b278182.txt 0.260771 55820.561995 15.360000 15.797000 Misc 0.000000 0.000000 
Datos1b278728.txt 1.000000 55820.561995 14.662000 14.956000 Misc 0.000000 0.000000 
Datos1b278363.txt 1.000000 55820.561995 16.184000 16.936000 Misc 0.000000 0.000000 
Datos1b278765.txt 1.000000 55820.561995 16.054000 16.709000 Misc 0.000000 0.000000 
Datos1b278584.txt 1.000000 55820.561995 16.054000 16.709000 Misc 0.000000 0.000000 
Datos1b278852.txt 0.418249 55820.561995 15.835000 16.387000 Misc 0.000000 0.000000 
Datos1b278279.txt 1.000000 55820.561995 15.578000 16.075000 Misc 0.000000 0.000000 
Datos1b278829.txt 1.000000 55820.561995 15.047000 15.444000 Misc 0.000000 0.000000 
Datos1b278757.txt 1.000000 55820.561995 13.295000 13.492000 Misc 0.000000 0.000000 
Datos1b27881.txt 1.000000 55820.561995 15.861000 16.406000 Misc 0.000000 0.000000 
Datos1b278644.txt 1.000000 55820.561995 15.861000 16.406000 Misc 0.000000 0.000000 
Datos1b27884.txt 1.000000 55820.561995 15.543000 16.178000 Misc 0.000000 0.000000 
Datos1b278440.txt 0.827646 55820.561995 15.883000 16.443000 Misc 0.000000 0.000000 
Datos1b278621.txt 0.640986 55820.561995 16.067000 16.568000 Misc 0.000000 0.000000 
Datos1b278316.txt 0.366106 55820.561995 15.739000 16.300000 Misc 0.000000 0.000000 
Datos1b278815.txt 1.000000 55820.561995 15.753000 16.294000 Misc 0.000000 0.000000 
Datos1b278804.txt 2.172200 55820.561995 11.984000 12.162000 Misc 0.000000 0.000000 
Datos1b278176.txt 1.000000 55820.561995 11.984000 12.162000 Misc 0.000000 0.000000 
Datos1b27867.txt 0.313021 55820.561995 15.319000 15.851000 Misc 0.000000 0.000000 
Datos1b278442.txt 0.820311 55820.561995 16.213000 16.889000 Misc 0.000000 0.000000 
Datos1b278171.txt 0.523877 55820.561995 15.526000 16.001000 Misc 0.000000 0.000000 
Datos1b278179.txt 1.000000 55820.561995 16.225000 16.887000 Misc 0.000000 0.000000 
Datos1b278734.txt 1.000000 55820.561995 15.586000 16.242000 Misc 0.000000 0.000000 
Datos1b27891.txt 1.470453 55820.561995 14.685000 15.060000 Misc 0.000000 0.000000 
Datos1b27840.txt 1.138935 56507.495576 12.835000 13.023000 Misc 0.000000 0.000000 
Datos1b278254.txt 1.000000 55820.561995 15.332000 15.778000 Misc 0.000000 0.000000 
Datos1b278866.txt 0.467990 55820.561995 15.468000 16.044000 Misc 0.000000 0.000000 
Datos1b278515.txt 0.518722 55820.561995 15.010000 15.321000 Misc 0.000000 0.000000 
Datos1b278781.txt 1.512522 55820.561995 13.165000 13.377000 Misc 0.000000 0.000000 
Datos1b278374.txt 0.533556 55820.561995 15.463000 15.884000 Misc 0.000000 0.000000 
Datos1b278105.txt 0.531387 55820.561995 15.463000 15.884000 Misc 0.000000 0.000000 
Datos1b278299.txt 1.000000 55820.561995 14.908000 15.361000 Misc 0.000000 0.000000 
Datos1b278401.txt 0.296405 55820.561995 15.738000 16.413000 Misc 0.000000 0.000000 
Datos1b278260.txt 1.000000 55820.561995 15.738000 16.413000 Misc 0.000000 0.000000 
Datos1b278472.txt 0.831480 55820.561995 15.738000 16.285000 Misc 0.000000 0.000000 
Datos1b278596.txt 0.359485 55820.561995 14.649000 15.244000 Misc 0.000000 0.000000 
Datos1b278627.txt 1.521843 55820.561995 15.287000 15.669000 Misc 0.000000 0.000000 
Datos1b278763.txt 1.072188 55820.561995 15.340000 15.769000 Misc 0.000000 0.000000 
Datos1b278139.txt 1.085552 55820.561995 15.340000 15.769000 Misc 0.000000 0.000000 
Datos1b278766.txt 1.062719 55820.561995 12.561000 12.766000 Misc 0.000000 0.000000 
Datos1b278810.txt 1.000000 55820.561995 16.072000 16.849000 Misc 0.000000 0.000000 
Datos1b278115.txt 0.319920 55820.561995 14.088000 14.334000 Misc 0.000000 0.000000 
Datos1b278830.txt 1.000000 55820.561995 15.999000 16.553000 Misc 0.000000 0.000000 
Datos1b278398.txt 0.533194 55820.561995 15.999000 16.553000 Misc 0.000000 0.000000 
Datos1b278404.txt 1.000000 55820.561995 15.577000 16.078000 Misc 0.000000 0.000000 
Datos1b278704.txt 1.000000 55839.524416 13.706000 13.923000 Misc 0.000000 0.000000 
Datos1b278724.txt 1.000000 55820.561995 15.454000 15.913000 Misc 0.000000 0.000000 
Datos1b278157.txt 0.355144 55820.561995 15.454000 15.913000 Misc 0.000000 0.000000 
Datos1b278650.txt 0.242567 55820.561995 15.705000 16.236000 Misc 0.000000 0.000000 
Datos1b278731.txt 0.999983 55820.561995 14.973000 15.665000 Misc 0.000000 0.000000 
Datos1b278682.txt 0.654234 55820.561995 14.973000 15.665000 Misc 0.000000 0.000000 
Datos1b278240.txt 1.000000 55820.561995 15.645000 16.071000 Misc 0.000000 0.000000 
Datos1b27866.txt 1.000000 55820.561995 13.307000 13.558000 Misc 0.000000 0.000000 
Datos1b278820.txt 0.679192 55820.561995 15.479000 15.898000 Misc 0.000000 0.000000 
Datos1b278395.txt 1.000000 55820.561995 15.755000 16.324000 Misc 0.000000 0.000000 
Datos1b278668.txt 0.222139 55820.561995 15.385000 15.789000 Misc 0.000000 0.000000 
Datos1b278525.txt 0.305089 55820.561995 15.649000 16.223000 Misc 0.000000 0.000000 
Datos1b278185.txt 0.305091 55820.561995 15.649000 16.223000 Misc 0.000000 0.000000 
Datos1b278657.txt 1.000000 56507.495576 12.816000 13.050000 Misc 0.000000 0.000000 
Datos1b278408.txt 1.275788 55820.561995 12.100000 12.372000 Misc 0.000000 0.000000 
Datos1b278251.txt 1.000000 55820.561995 13.566000 13.827000 Misc 0.000000 0.000000 
Datos1b278104.txt 1.000000 55820.561995 14.710000 15.061000 Misc 0.000000 0.000000 
Datos1b278382.txt 1.000000 55820.561995 15.529000 15.964000 Misc 0.000000 0.000000 
Datos1b278768.txt 1.000000 55820.561995 15.449000 15.892000 Misc 0.000000 0.000000 
Datos1b278764.txt 1.000000 55820.561995 15.449000 15.892000 Misc 0.000000 0.000000 
Datos1b278599.txt 1.000000 55820.561995 13.075000 13.259000 Misc 0.000000 0.000000 
Datos1b278545.txt 1.000000 55820.561995 13.075000 13.259000 Misc 0.000000 0.000000 
Datos1b278273.txt 0.739069 55820.561995 15.633000 16.085000 Misc 0.000000 0.000000 
Datos1b278569.txt 1.000000 55820.561995 15.960000 16.537000 Misc 0.000000 0.000000 
Datos1b27843.txt 1.000000 55820.561995 15.623000 16.113000 Misc 0.000000 0.000000 
Datos1b278445.txt 1.000000 55820.561995 12.834000 13.008000 Misc 0.000000 0.000000 
Datos1b278664.txt 0.897030 55820.561995 15.148000 16.116000 Misc 0.000000 0.000000 
Datos1b278645.txt 1.000000 55820.561995 15.394000 15.844000 Misc 0.000000 0.000000 
Datos1b278560.txt 1.000000 55820.561995 15.394000 15.844000 Misc 0.000000 0.000000 
Datos1b278603.txt 0.823905 55820.561995 12.595000 12.812000 Misc 0.000000 0.000000 
Datos1b27865.txt 1.000000 55820.561995 15.853000 16.477000 Misc 0.000000 0.000000 
Datos1b278371.txt 1.000000 55820.561995 15.522000 15.927000 Misc 0.000000 0.000000 
Datos1b278573.txt 1.000000 55820.561995 15.590000 16.073000 Misc 0.000000 0.000000 
Datos1b278786.txt 1.077160 55820.561995 13.702000 14.069000 Misc 0.000000 0.000000 
Datos1b27896.txt 1.000000 55820.561995 15.627000 16.125000 Misc 0.000000 0.000000 
Datos1b278102.txt 2.779070 55820.561995 12.865000 13.047000 Misc 0.000000 0.000000 
Datos1b278484.txt 1.000000 55820.561995 15.862000 16.343000 Misc 0.000000 0.000000 
Datos1b278392.txt 1.000000 55820.561995 13.435000 13.624000 Misc 0.000000 0.000000 
Datos1b27838.txt 1.000000 55820.561995 15.539000 15.963000 Misc 0.000000 0.000000 
Datos1b278350.txt 1.000000 55820.561995 15.481000 15.919000 Misc 0.000000 0.000000 
Datos1b278356.txt 1.000000 55820.561995 15.591000 16.130000 Misc 0.000000 0.000000 
Datos1b278196.txt 1.000000 55820.561995 16.001000 16.754000 Misc 0.000000 0.000000 
Datos1b278217.txt 1.000000 55820.561995 15.660000 16.374000 Misc 0.000000 0.000000 
Datos1b27844.txt 1.000000 55820.561995 15.606000 16.189000 Misc 0.000000 0.000000 
Datos1b278697.txt 1.000000 55820.561995 15.674000 16.949000 Misc 0.000000 0.000000 
Datos1b278270.txt 1.000000 55820.561995 15.674000 16.949000 Misc 0.000000 0.000000 
Datos1b278207.txt 1.000000 55820.561995 15.664000 16.145000 Misc 0.000000 0.000000 
Datos1b278197.txt 1.491420 55820.561995 12.618000 12.794000 Misc 0.000000 0.000000 
Datos1b278499.txt 0.570746 55820.561995 14.978000 15.512000 Misc 0.000000 0.000000 
Datos1b278154.txt 0.208407 55820.561995 15.579000 16.116000 Misc 0.000000 0.000000 
Datos1b27869.txt 1.000000 55820.561995 15.729000 16.639000 Misc 0.000000 0.000000 
Datos1b278692.txt 1.000000 55820.561995 15.307000 15.695000 Misc 0.000000 0.000000 
Datos1b27857.txt 1.000000 55820.561995 14.143000 14.566000 Misc 0.000000 0.000000 
Datos1b278502.txt 1.096330 55820.561995 14.143000 14.566000 Misc 0.000000 0.000000 
Datos1b278529.txt 1.000000 55820.561995 15.867000 16.569000 Misc 0.000000 0.000000 
Datos1b27810.txt 1.000000 55820.561995 15.374000 15.809000 Misc 0.000000 0.000000 
Datos1b278836.txt 1.000000 56507.495576 15.164000 15.580000 Misc 0.000000 0.000000 
Datos1b278373.txt 1.000000 56507.495576 15.164000 15.580000 Misc 0.000000 0.000000 
Datos1b278453.txt 1.000000 55820.561995 15.217000 15.639000 Misc 0.000000 0.000000 
Datos1b278232.txt 1.043877 55820.561995 13.092000 13.281000 Misc 0.000000 0.000000 
Datos1b278743.txt 1.000000 55820.561995 15.531000 16.153000 Misc 0.000000 0.000000 
Datos1b278432.txt 1.000000 55820.561995 15.531000 16.153000 Misc 0.000000 0.000000 
Datos1b278243.txt 0.425598 55839.524416 15.403000 15.962000 Misc 0.000000 0.000000 
Datos1b278774.txt 1.000000 55820.561995 15.554000 16.139000 Misc 0.000000 0.000000 
Datos1b278468.txt 1.000000 55820.561995 16.089000 16.750000 Misc 0.000000 0.000000 
Datos1b278701.txt 1.000000 55820.561995 15.960000 16.567000 Misc 0.000000 0.000000 
Datos1b278744.txt 1.000000 55820.561995 16.041000 16.597000 Misc 0.000000 0.000000 
Datos1b278142.txt 1.000000 55820.561995 15.992000 16.582000 Misc 0.000000 0.000000 
Datos1b2783.txt 1.000000 55820.561995 15.921000 16.479000 Misc 0.000000 0.000000 
Datos1b278195.txt 1.000000 55820.561995 15.921000 16.479000 Misc 0.000000 0.000000 
Datos1b278850.txt 1.000000 55820.561995 15.580000 16.119000 Misc 0.000000 0.000000 
Datos1b27875.txt 1.000000 55820.561995 15.580000 16.119000 Misc 0.000000 0.000000 
Datos1b27885.txt 1.000000 55820.561995 16.156000 16.772000 Misc 0.000000 0.000000 
Datos1b278600.txt 1.000000 55820.561995 16.156000 16.772000 Misc 0.000000 0.000000 
Datos1b278528.txt 1.000000 55820.561995 15.464000 15.917000 Misc 0.000000 0.000000 
Datos1b278487.txt 1.000000 55820.561995 15.464000 15.917000 Misc 0.000000 0.000000 
Datos1b278812.txt 1.000000 55820.561995 12.298000 12.436000 Misc 0.000000 0.000000 
Datos1b278177.txt 1.000000 55820.561995 15.586000 16.099000 Misc 0.000000 0.000000 
Datos1b278705.txt 1.000000 55820.561995 15.683000 16.229000 Misc 0.000000 0.000000 
Datos1b2786.txt 1.000000 55820.561995 15.559000 16.021000 Misc 0.000000 0.000000 
Datos1b278109.txt 1.000000 55820.561995 15.559000 16.021000 Misc 0.000000 0.000000 
Datos1b278819.txt 1.000000 55820.561995 15.688000 16.924000 Misc 0.000000 0.000000 
Datos1b278543.txt 1.000000 55820.561995 15.975000 16.631000 Misc 0.000000 0.000000 
Datos1b278817.txt 1.000000 55820.561995 15.731000 16.279000 Misc 0.000000 0.000000 
Datos1b278191.txt 1.000000 55820.561995 13.130000 13.350000 Misc 0.000000 0.000000 
Datos1b278140.txt 1.695035 55820.561995 15.737000 16.234000 Misc 0.000000 0.000000 
Datos1b278811.txt 1.000000 55820.561995 15.214000 15.600000 Misc 0.000000 0.000000 
Datos1b278689.txt 1.000000 55820.561995 15.380000 15.857000 Misc 0.000000 0.000000 
Datos1b278429.txt 1.000000 55820.561995 15.437000 15.876000 Misc 0.000000 0.000000 
Datos1b278459.txt 0.250985 55820.561995 15.918000 16.444000 Misc 0.000000 0.000000 
Datos1b278148.txt 1.000000 55820.561995 15.322000 15.726000 Misc 0.000000 0.000000 
Datos1b278479.txt 1.000000 55820.561995 15.224000 15.615000 Misc 0.000000 0.000000 
Datos1b278278.txt 1.000000 55820.561995 15.686000 16.284000 Misc 0.000000 0.000000 
Datos1b278589.txt 1.000000 55820.561995 16.219000 16.898000 Misc 0.000000 0.000000 
Datos1b278702.txt 0.332425 55820.561995 15.582000 16.225000 Misc 0.000000 0.000000 
Datos1b278137.txt 0.332425 55820.561995 15.582000 16.225000 Misc 0.000000 0.000000 
Datos1b278853.txt 1.000000 55820.561995 15.842000 16.421000 Misc 0.000000 0.000000 
Datos1b278568.txt 1.000000 55820.561995 15.584000 16.204000 Misc 0.000000 0.000000 
Datos1b278463.txt 1.000000 55820.561995 15.584000 16.204000 Misc 0.000000 0.000000 
Datos1b278779.txt 1.000000 55820.561995 15.796000 16.383000 Misc 0.000000 0.000000 
Datos1b278593.txt 1.000000 55820.561995 12.822000 13.033000 Misc 0.000000 0.000000 
Datos1b278338.txt 0.751628 55820.561995 14.982000 15.324000 Misc 0.000000 0.000000 
Datos1b278362.txt 1.000000 55839.524416 15.734000 16.235000 Misc 0.000000 0.000000 
Datos1b2788.txt 1.000000 55820.561995 15.781000 16.405000 Misc 0.000000 0.000000 
Datos1b278405.txt 1.000000 55820.561995 15.455000 15.891000 Misc 0.000000 0.000000 
Datos1b278684.txt 1.000000 55820.561995 16.244000 16.881000 Misc 0.000000 0.000000 
Datos1b278787.txt 1.000000 55820.561995 15.922000 16.549000 Misc 0.000000 0.000000 
Datos1b278435.txt 1.000000 55820.561995 15.749000 16.297000 Misc 0.000000 0.000000 
Datos1b278537.txt 1.000000 55820.561995 15.676000 16.187000 Misc 0.000000 0.000000 
Datos1b278585.txt 1.000000 55820.561995 15.471000 15.913000 Misc 0.000000 0.000000 
Datos1b278723.txt 0.476808 55820.561995 16.038000 16.562000 Misc 0.000000 0.000000 
Datos1b27862.txt 1.000000 55820.561995 15.388000 15.875000 Misc 0.000000 0.000000 
Datos1b278688.txt 0.754004 55820.561995 14.493000 14.685000 Misc 0.000000 0.000000 
Datos1b278500.txt 0.749989 55820.561995 14.923000 15.343000 Misc 0.000000 0.000000 
Datos1b278716.txt 1.000000 55820.561995 15.050000 15.440000 Misc 0.000000 0.000000 
Datos1b278510.txt 1.000000 55820.561995 15.696000 16.195000 Misc 0.000000 0.000000 
Datos1b278318.txt 2.969199 55820.561995 14.523000 14.802000 Misc 0.000000 0.000000 
Datos1b278428.txt 1.000000 55820.561995 15.452000 15.948000 Misc 0.000000 0.000000 
Datos1b278823.txt 1.000000 55820.561995 15.568000 16.060000 Misc 0.000000 0.000000 
Datos1b278665.txt 1.000000 55820.561995 15.510000 15.934000 Misc 0.000000 0.000000 
Datos1b278767.txt 1.096330 55820.561995 15.183000 15.572000 Misc 0.000000 0.000000 
Datos1b27834.txt 1.000000 55820.561995 15.800000 16.245000 Misc 0.000000 0.000000 
Datos1b278524.txt 1.000000 55820.561995 15.178000 15.597000 Misc 0.000000 0.000000 
Datos1b278544.txt 1.000000 56507.495576 14.508000 14.842000 Misc 0.000000 0.000000 
Datos1b27812.txt 1.000000 55820.561995 15.966000 16.500000 Misc 0.000000 0.000000 
Datos1b278237.txt 1.000000 55820.561995 12.583000 12.715000 Misc 0.000000 0.000000 
Datos1b278121.txt 1.000000 55820.561995 15.223000 15.646000 Misc 0.000000 0.000000 
Datos1b278870.txt 1.000000 55820.561995 16.021000 16.703000 Misc 0.000000 0.000000 
Datos1b278422.txt 1.000000 55820.561995 15.003000 15.377000 Misc 0.000000 0.000000 
Datos1b278120.txt 0.999941 55820.561995 15.557000 16.016000 Misc 0.000000 0.000000 
Datos1b278831.txt 1.000000 55820.561995 16.066000 17.180000 Misc 0.000000 0.000000 
Datos1b27870.txt 1.000000 55820.561995 16.066000 17.180000 Misc 0.000000 0.000000 
Datos1b278409.txt 1.186104 55820.561995 14.471000 14.661000 Misc 0.000000 0.000000 
Datos1b278441.txt 1.000000 55820.561995 15.437000 15.873000 Misc 0.000000 0.000000 
Datos1b278580.txt 1.000000 55820.561995 15.959000 16.502000 Misc 0.000000 0.000000 
Datos1b278572.txt 1.000000 55820.561995 15.959000 16.502000 Misc 0.000000 0.000000 
Datos1b278175.txt 1.000000 55820.561995 12.527000 12.681000 Misc 0.000000 0.000000 
Datos1b278639.txt 1.000000 55820.561995 13.487000 13.716000 Misc 0.000000 0.000000 
Datos1b27879.txt 1.000000 55820.561995 15.504000 16.059000 Misc 0.000000 0.000000 
Datos1b27871.txt 1.000000 55820.561995 13.163000 13.351000 Misc 0.000000 0.000000 
Datos1b278558.txt 1.243877 55820.561995 15.719000 16.200000 Misc 0.000000 0.000000 
Datos1b278421.txt 1.249783 55820.561995 15.719000 16.200000 Misc 0.000000 0.000000 
Datos1b278570.txt 0.423384 55820.561995 16.264000 16.945000 Misc 0.000000 0.000000 
Datos1b278426.txt 0.420258 55820.561995 16.264000 16.945000 Misc 0.000000 0.000000 
Datos1b278307.txt 0.420266 55820.561995 16.264000 16.945000 Misc 0.000000 0.000000 
Datos1b278122.txt 0.420269 55820.561995 16.264000 16.945000 Misc 0.000000 0.000000 
Datos1b27814.txt 1.000000 55820.561995 14.263000 14.566000 Misc 0.000000 0.000000 
Datos1b278579.txt 0.262349 55820.561995 15.320000 15.726000 Misc 0.000000 0.000000 
Datos1b278858.txt 1.000000 55820.561995 15.939000 16.543000 Misc 0.000000 0.000000 
Datos1b278100.txt 0.921890 55820.561995 16.131000 16.841000 Misc 0.000000 0.000000 
Datos1b278418.txt 1.000000 55820.561995 16.190000 16.922000 Misc 0.000000 0.000000 
Datos1b278448.txt 1.000000 55820.561995 16.009000 16.544000 Misc 0.000000 0.000000 
Datos1b278643.txt 1.000000 55820.561995 14.680000 15.146000 Misc 0.000000 0.000000 
Datos1b278477.txt 1.000000 55820.561995 14.680000 15.146000 Misc 0.000000 0.000000 
Datos1b278255.txt 1.000000 55820.561995 12.279000 12.471000 Misc 0.000000 0.000000 
Datos1b278208.txt 1.000000 55820.561995 15.178000 15.617000 Misc 0.000000 0.000000 
Datos1b278841.txt 1.000000 55820.561995 15.581000 16.068000 Misc 0.000000 0.000000 
Datos1b278555.txt 1.319377 55820.561995 15.581000 16.068000 Misc 0.000000 0.000000 
Datos1b278809.txt 1.000000 55820.561995 15.202000 15.629000 Misc 0.000000 0.000000 
Datos1b278450.txt 1.000000 55820.561995 15.686000 16.185000 Misc 0.000000 0.000000 
Datos1b278397.txt 0.359000 55820.561995 15.650000 16.094000 Misc 0.000000 0.000000 
Datos1b278114.txt 1.000000 55820.561995 13.422000 13.586000 Misc 0.000000 0.000000 
Datos1b278400.txt 1.300871 55820.561995 15.205000 15.576000 Misc 0.000000 0.000000 
Datos1b278460.txt 0.311362 55820.561995 15.200000 15.515000 Misc 0.000000 0.000000 
Datos1b278334.txt 1.000000 55820.561995 15.274000 15.691000 Misc 0.000000 0.000000 
Datos1b278322.txt 1.000000 55820.561995 15.274000 15.691000 Misc 0.000000 0.000000 
Datos1b278656.txt 0.395248 55820.561995 13.958000 14.306000 Misc 0.000000 0.000000 
Datos1b278740.txt 1.000000 55820.561995 15.156000 15.574000 Misc 0.000000 0.000000 
Datos1b278301.txt 0.454658 55820.561995 15.586000 16.356000 Misc 0.000000 0.000000 
Datos1b278389.txt 0.457116 55839.524416 15.316000 15.752000 Misc 0.000000 0.000000 
Datos1b278608.txt 0.581438 55820.561995 14.886000 15.154000 Misc 0.000000 0.000000 
Datos1b278131.txt 1.000000 55820.561995 12.769000 12.981000 Misc 0.000000 0.000000 
Datos1b278708.txt 0.376916 55820.561995 15.024000 15.451000 Misc 0.000000 0.000000 
Datos1b278253.txt 1.516413 55820.561995 15.988000 16.640000 Misc 0.000000 0.000000 
Datos1b278478.txt 1.500616 55820.561995 15.767000 16.414000 Misc 0.000000 0.000000 
Datos1b278192.txt 1.516037 55820.561995 15.767000 16.414000 Misc 0.000000 0.000000 
Datos1b278673.txt 0.484447 55820.561995 15.219000 15.608000 Misc 0.000000 0.000000 
Datos1b278845.txt 1.000000 55820.561995 15.720000 16.127000 Misc 0.000000 0.000000 
Datos1b278465.txt 0.751532 55820.561995 15.212000 15.598000 Misc 0.000000 0.000000 
Datos1b278248.txt 0.751513 55820.561995 15.212000 15.598000 Misc 0.000000 0.000000 
Datos1b278749.txt 1.000000 55820.561995 15.227000 15.655000 Misc 0.000000 0.000000 
Datos1b278742.txt 1.000000 55820.561995 15.960000 16.603000 Misc 0.000000 0.000000 
Datos1b278346.txt 1.000000 55820.561995 15.378000 15.814000 Misc 0.000000 0.000000 
Datos1b278180.txt 0.265238 55820.561995 15.378000 15.814000 Misc 0.000000 0.000000 
Datos1b278649.txt 1.000000 55820.561995 15.951000 16.521000 Misc 0.000000 0.000000 
Datos1b278563.txt 1.000000 55820.561995 15.951000 16.521000 Misc 0.000000 0.000000 
Datos1b278133.txt 0.373089 55820.561995 14.866000 15.125000 Misc 0.000000 0.000000 
Datos1b27859.txt 0.273197 55820.561995 15.821000 16.924000 Misc 0.000000 0.000000 
Datos1b278169.txt 1.000000 55820.561995 15.821000 16.924000 Misc 0.000000 0.000000 
Datos1b278746.txt 1.000000 55820.561995 14.910000 15.284000 Misc 0.000000 0.000000 
Datos1b278117.txt 1.000000 55820.561995 15.208000 15.590000 Misc 0.000000 0.000000 
Datos1b278430.txt 0.301980 55820.561995 16.064000 16.748000 Misc 0.000000 0.000000 
Datos1b278636.txt 0.751530 55820.561995 15.079000 15.416000 Misc 0.000000 0.000000 
Datos1b27856.txt 0.988316 55820.561995 15.897000 16.639000 Misc 0.000000 0.000000 
Datos1b278136.txt 0.457786 55820.561995 15.137000 15.398000 Misc 0.000000 0.000000 
Datos1b27842.txt 0.447194 55820.561995 15.572000 16.079000 Misc 0.000000 0.000000 
Datos1b278214.txt 0.375984 55820.561995 14.950000 15.282000 Misc 0.000000 0.000000 
Datos1b278372.txt 1.000000 55820.561995 15.170000 15.526000 Misc 0.000000 0.000000 
Datos1b278480.txt 1.000000 55820.561995 14.842000 15.134000 Misc 0.000000 0.000000 
Datos1b278711.txt 1.000000 55820.561995 15.700000 16.178000 Misc 0.000000 0.000000 
Datos1b278594.txt 1.000000 55820.561995 15.700000 16.178000 Misc 0.000000 0.000000 
Datos1b278213.txt 0.457949 55820.561995 15.700000 16.178000 Misc 0.000000 0.000000 
Datos1b278807.txt 0.601944 55820.561995 15.696000 16.202000 Misc 0.000000 0.000000 
Datos1b278216.txt 0.601956 55820.561995 15.696000 16.202000 Misc 0.000000 0.000000 
Datos1b278150.txt 1.000000 55820.561995 12.789000 13.034000 Misc 0.000000 0.000000 
Datos1b278518.txt 1.000000 55820.561995 15.837000 16.421000 Misc 0.000000 0.000000 
Datos1b278721.txt 0.618671 55820.561995 15.793000 16.301000 Misc 0.000000 0.000000 
Datos1b278843.txt 0.849188 55820.561995 15.801000 16.307000 Misc 0.000000 0.000000 
Datos1b278184.txt 1.000000 55820.561995 15.499000 15.939000 Misc 0.000000 0.000000 
Datos1b278816.txt 1.000000 55820.561995 15.764000 16.331000 Misc 0.000000 0.000000 
Datos1b278792.txt 0.248834 55820.561995 15.239000 15.703000 Misc 0.000000 0.000000 
Datos1b278166.txt 1.000000 55820.561995 14.934000 15.291000 Misc 0.000000 0.000000 
Datos1b278532.txt 1.000000 55820.561995 14.086000 14.303000 Misc 0.000000 0.000000 
Datos1b278504.txt 1.000000 55820.561995 13.331000 13.490000 Misc 0.000000 0.000000 
Datos1b278155.txt 1.348066 55820.561995 14.910000 15.204000 Misc 0.000000 0.000000 
Datos1b278359.txt 1.000000 55820.561995 15.244000 15.611000 Misc 0.000000 0.000000 
Datos1b278526.txt 1.000000 55820.561995 13.255000 13.449000 Misc 0.000000 0.000000 
Datos1b278303.txt 1.000000 55820.561995 15.534000 15.928000 Misc 0.000000 0.000000 
Datos1b278272.txt 0.307935 55820.561995 15.643000 16.113000 Misc 0.000000 0.000000 
Datos1b278775.txt 1.000000 55820.561995 14.004000 14.320000 Misc 0.000000 0.000000 
Datos1b278103.txt 1.000000 55820.561995 15.553000 16.077000 Misc 0.000000 0.000000 
Datos1b278778.txt 0.798255 55820.561995 15.849000 16.479000 Misc 0.000000 0.000000 
Datos1b278211.txt 1.500000 55820.561995 16.031000 16.785000 Misc 0.000000 0.000000 
Datos1b278406.txt 1.000000 55820.561995 15.157000 15.556000 Misc 0.000000 0.000000 
Datos1b278663.txt 0.530593 55820.561995 16.109000 16.668000 Misc 0.000000 0.000000 
Datos1b278777.txt 0.732214 55820.561995 15.988000 16.641000 Misc 0.000000 0.000000 
Datos1b278415.txt 1.517092 55820.561995 15.577000 16.020000 Misc 0.000000 0.000000 
Datos1b278361.txt 1.000000 55820.561995 15.577000 16.020000 Misc 0.000000 0.000000 
Datos1b278834.txt 1.000000 55820.561995 14.892000 15.186000 Misc 0.000000 0.000000 
Datos1b278489.txt 1.000000 55820.561995 12.853000 13.019000 Misc 0.000000 0.000000 
Datos1b278411.txt 1.000000 55820.561995 14.212000 14.577000 Misc 0.000000 0.000000 
Datos1b278193.txt 0.690566 55820.561995 15.685000 16.243000 Misc 0.000000 0.000000 
Datos1b278329.txt 0.697807 55820.561995 12.947000 13.179000 Misc 0.000000 0.000000 
Datos1b278152.txt 0.260777 55820.561995 15.356000 15.743000 Misc 0.000000 0.000000 
Datos1b278259.txt 1.000000 55820.561995 16.012000 16.524000 Misc 0.000000 0.000000 
Datos1b278170.txt 1.000000 55820.561995 15.670000 16.200000 Misc 0.000000 0.000000 
Datos1b278130.txt 0.784909 55820.561995 15.627000 16.143000 Misc 0.000000 0.000000 
Datos1b278751.txt 1.000000 55820.561995 14.814000 15.016000 Misc 0.000000 0.000000 
Datos1b278229.txt 1.000000 55820.561995 14.814000 15.016000 Misc 0.000000 0.000000 
Datos1b278706.txt 1.000000 55820.561995 15.523000 16.684000 Misc 0.000000 0.000000 
Datos1b278291.txt 1.000000 55820.561995 15.861000 16.459000 Misc 0.000000 0.000000 
Datos1b278332.txt 1.000000 55820.561995 15.177000 15.572000 Misc 0.000000 0.000000 
Datos1b278224.txt 1.018081 55820.561995 15.177000 15.572000 Misc 0.000000 0.000000 
Datos1b278101.txt 1.000000 55820.561995 15.576000 16.179000 Misc 0.000000 0.000000 
Datos1b278848.txt 3.832461 55820.561995 15.016000 15.216000 Misc 0.000000 0.000000 
Datos1b278824.txt 1.000000 55820.561995 13.306000 13.522000 Misc 0.000000 0.000000 
Datos1b278494.txt 1.000000 55820.561995 14.423000 14.833000 Misc 0.000000 0.000000 
Datos1b278762.txt 0.313356 55820.561995 15.826000 16.362000 Misc 0.000000 0.000000 
Datos1b278681.txt 1.000000 55820.561995 15.232000 15.639000 Misc 0.000000 0.000000 
Datos1b278146.txt 1.000000 55820.561995 15.232000 15.639000 Misc 0.000000 0.000000 
Datos1b27878.txt 1.000000 55820.561995 15.864000 16.380000 Misc 0.000000 0.000000 
Datos1b278574.txt 0.751550 55820.561995 15.045000 15.416000 Misc 0.000000 0.000000 
Datos1b278385.txt 0.342963 55820.561995 15.634000 16.132000 Misc 0.000000 0.000000 
Datos1b278381.txt 1.000000 55820.561995 15.655000 16.106000 Misc 0.000000 0.000000 
Datos1b278163.txt 1.000000 55820.561995 15.655000 16.106000 Misc 0.000000 0.000000 
Datos1b278314.txt 1.000000 55820.561995 14.780000 15.174000 Misc 0.000000 0.000000 
Datos1b278658.txt 1.000000 55820.561995 16.032000 16.686000 Misc 0.000000 0.000000 
Datos1b278581.txt 0.261888 55820.561995 15.955000 16.414000 Misc 0.000000 0.000000 
Datos1b27847.txt 1.000000 55820.561995 15.482000 15.980000 Misc 0.000000 0.000000 
Datos1b278534.txt 1.000000 55820.561995 15.301000 15.576000 Misc 0.000000 0.000000 
Datos1b27830.txt 0.218175 55820.561995 14.881000 15.269000 Misc 0.000000 0.000000 
Datos1b278271.txt 1.000000 55820.561995 15.284000 15.706000 Misc 0.000000 0.000000 
Datos1b278519.txt 1.000000 56507.495576 15.162000 15.561000 Misc 0.000000 0.000000 
Datos1b278556.txt 2.774834 55820.561995 15.314000 15.724000 Misc 0.000000 0.000000 
Datos1b278110.txt 0.502747 55820.561995 15.947000 16.463000 Misc 0.000000 0.000000 
Datos1b278294.txt 1.321927 55820.561995 15.138000 15.566000 Misc 0.000000 0.000000 
Datos1b278227.txt 1.000000 55820.561995 16.036000 16.935000 Misc 0.000000 0.000000 
Datos1b278290.txt 1.000000 55820.561995 14.603000 14.943000 Misc 0.000000 0.000000 
Datos1b278327.txt 1.000000 55820.561995 15.974000 16.555000 Misc 0.000000 0.000000 
Datos1b278506.txt 0.779553 55820.561995 15.506000 15.936000 Misc 0.000000 0.000000 
Datos1b27883.txt 1.000000 55820.561995 13.430000 13.656000 Misc 0.000000 0.000000 
Datos1b278565.txt 1.000000 55820.561995 15.625000 16.129000 Misc 0.000000 0.000000 
Datos1b278222.txt 0.452236 55820.561995 15.755000 16.147000 Misc 0.000000 0.000000 
Datos1b278553.txt 0.597489 55820.561995 15.282000 15.721000 Misc 0.000000 0.000000 
Datos1b278347.txt 0.592233 55820.561995 15.282000 15.721000 Misc 0.000000 0.000000 
Datos1b278247.txt 1.000000 55820.561995 15.354000 15.758000 Misc 0.000000 0.000000 
Datos1b278539.txt 1.000000 55820.561995 13.841000 14.073000 Misc 0.000000 0.000000 
Datos1b278376.txt 1.000000 55820.561995 15.143000 16.471000 Misc 0.000000 0.000000 
Datos1b278366.txt 1.000000 55820.561995 15.143000 16.471000 Misc 0.000000 0.000000 
Datos1b278617.txt 1.000000 55820.561995 13.364000 13.522000 Misc 0.000000 0.000000 
Datos1b27868.txt 1.000000 55820.561995 13.896000 14.044000 Misc 0.000000 0.000000 
Datos1b278826.txt 0.441003 55820.561995 15.018000 15.381000 Misc 0.000000 0.000000 
Datos1b278851.txt 1.000000 55820.561995 15.762000 16.374000 Misc 0.000000 0.000000 
Datos1b278344.txt 1.000000 55820.561995 13.999000 14.147000 Misc 0.000000 0.000000 
Datos1b278674.txt 1.000000 55820.561995 15.185000 15.611000 Misc 0.000000 0.000000 
Datos1b278178.txt 1.000000 55820.561995 15.378000 15.741000 Misc 0.000000 0.000000 
Datos1b278391.txt 0.412394 55820.561995 15.953000 16.524000 Misc 0.000000 0.000000 
Datos1b278615.txt 1.000000 55820.561995 15.514000 16.004000 Misc 0.000000 0.000000 
Datos1b27846.txt 1.000000 55820.561995 15.146000 15.619000 Misc 0.000000 0.000000 
Datos1b278675.txt 1.000000 55820.561995 15.783000 16.653000 Misc 0.000000 0.000000 
Datos1b278618.txt 1.000000 55820.561995 14.944000 15.098000 Misc 0.000000 0.000000 
Datos1b278655.txt 1.000000 55820.561995 12.807000 12.980000 Misc 0.000000 0.000000 
Datos1b278840.txt 1.000000 55820.561995 15.116000 15.475000 Misc 0.000000 0.000000 
Datos1b278726.txt 0.231572 55839.524416 14.611000 15.017000 Misc 0.000000 0.000000 
Datos1b278244.txt 1.000000 55820.561995 15.198000 15.573000 Misc 0.000000 0.000000 
Datos1b278194.txt 1.000000 55839.524416 14.713000 14.912000 Misc 0.000000 0.000000 
Datos1b278220.txt 1.000000 55820.561995 15.277000 15.717000 Misc 0.000000 0.000000 
Datos1b278695.txt 1.002740 55820.561995 13.333000 13.448000 Misc 0.000000 0.000000 
Datos1b278738.txt 0.286385 55820.561995 13.086000 13.305000 Misc 0.000000 0.000000 
Datos1b278269.txt 1.000000 55820.561995 15.333000 15.788000 Misc 0.000000 0.000000 
Datos1b278838.txt 1.000000 55820.561995 13.146000 13.263000 Misc 0.000000 0.000000 
Datos1b278795.txt 1.000000 55820.561995 15.835000 16.344000 Misc 0.000000 0.000000 
Datos1b278280.txt 1.000000 55820.561995 15.875000 16.396000 Misc 0.000000 0.000000 
Datos1b278509.txt 1.000000 55820.561995 13.256000 13.392000 Misc 0.000000 0.000000 
Datos1b278330.txt 1.000000 55820.561995 13.256000 13.392000 Misc 0.000000 0.000000 
Datos1b278399.txt 1.000000 55820.561995 12.952000 13.119000 Misc 0.000000 0.000000 
Datos1b278773.txt 1.000000 55820.561995 12.627000 12.824000 Misc 0.000000 0.000000 
Datos1b278671.txt 1.000000 55820.561995 12.627000 12.824000 Misc 0.000000 0.000000 
Datos1b278295.txt 1.000000 55820.561995 15.758000 16.508000 Misc 0.000000 0.000000 
Datos1b278475.txt 1.000000 55820.561995 15.902000 16.565000 Misc 0.000000 0.000000 
Datos1b278861.txt 1.000000 55820.561995 14.742000 15.018000 Misc 0.000000 0.000000 
Datos1b278261.txt 1.000000 55820.561995 14.742000 15.018000 Misc 0.000000 0.000000 
Datos1b2780.txt 1.516448 55820.561995 15.148000 15.862000 Misc 0.000000 0.000000 
Datos1b278283.txt 0.581438 55820.561995 14.618000 14.850000 Misc 0.000000 0.000000 
Datos1b278490.txt 1.000000 55820.561995 15.786000 16.224000 Misc 0.000000 0.000000 
Datos1b278799.txt 1.000000 55820.561995 14.780000 14.924000 Misc 0.000000 0.000000 
Datos1b27817.txt 1.000000 55820.561995 14.780000 14.924000 Misc 0.000000 0.000000 
Datos1b278423.txt 0.581876 55820.561995 15.183000 15.486000 Misc 0.000000 0.000000 
Datos1b278263.txt 0.597551 55820.561995 15.000000 15.510000 Misc 0.000000 0.000000 
Datos1b278710.txt 0.260778 55820.561995 15.386000 15.786000 Misc 0.000000 0.000000 
Datos1b278252.txt 1.000000 55820.561995 15.743000 16.240000 Misc 0.000000 0.000000 
Datos1b278476.txt 1.000000 55820.561995 15.826000 16.470000 Misc 0.000000 0.000000 
Datos1b278800.txt 1.000000 55820.561995 15.264000 15.630000 Misc 0.000000 0.000000 
Datos1b278588.txt 1.000000 55820.561995 15.219000 15.452000 Misc 0.000000 0.000000 
Datos1b278410.txt 1.000000 55820.561995 14.902000 15.033000 Misc 0.000000 0.000000 
Datos1b278236.txt 1.000000 55820.561995 15.540000 16.144000 Misc 0.000000 0.000000 
Datos1b27854.txt 1.000000 55820.561995 14.982000 15.171000 Misc 0.000000 0.000000 
Datos1b278635.txt 0.998738 55820.561995 13.896000 14.038000 Misc 0.000000 0.000000 
Datos1b278669.txt 1.000000 55820.561995 15.204000 15.578000 Misc 0.000000 0.000000 
Datos1b278218.txt 1.000000 55820.561995 15.545000 15.984000 Misc 0.000000 0.000000 
Datos1b27831.txt 5.080973 55820.561995 13.247000 13.352000 Misc 0.000000 0.000000 
Datos1b278722.txt 1.000000 55820.561995 15.322000 15.741000 Misc 0.000000 0.000000 
Datos1b278262.txt 1.000000 55820.561995 15.673000 16.136000 Misc 0.000000 0.000000 
Datos1b278202.txt 1.000000 55820.561995 14.572000 14.882000 Misc 0.000000 0.000000 
Datos1b278547.txt 1.000000 55820.561995 15.666000 16.143000 Misc 0.000000 0.000000 
Datos1b278577.txt 1.000000 55820.561995 13.014000 13.181000 Misc 0.000000 0.000000 
Datos1b278311.txt 0.646373 55820.561995 15.229000 15.559000 Misc 0.000000 0.000000 
Datos1b278138.txt 1.000000 55820.561995 15.625000 16.152000 Misc 0.000000 0.000000 
Datos1b27888.txt 1.000000 55820.561995 15.261000 15.593000 Misc 0.000000 0.000000 
Datos1b278772.txt 1.000000 55820.561995 15.818000 16.463000 Misc 0.000000 0.000000 
Datos1b278633.txt 0.324037 55820.561995 15.607000 15.955000 Misc 0.000000 0.000000 
Datos1b278788.txt 1.000000 55820.561995 12.884000 13.028000 Misc 0.000000 0.000000 
Datos1b278464.txt 1.000000 55820.561995 15.679000 16.199000 Misc 0.000000 0.000000 
Datos1b278172.txt 1.000000 55820.561995 15.385000 15.843000 Misc 0.000000 0.000000 
Datos1b278507.txt 0.535088 55820.561995 15.513000 16.039000 Misc 0.000000 0.000000 
Datos1b278679.txt 1.000000 55820.561995 15.069000 15.219000 Misc 0.000000 0.000000 
Datos1b278712.txt 0.580886 55820.561995 12.906000 12.989000 Misc 0.000000 0.000000 
Datos1b278512.txt 1.000000 55820.561995 14.838000 15.121000 Misc 0.000000 0.000000 
Datos1b278349.txt 1.000000 55820.561995 15.746000 16.206000 Misc 0.000000 0.000000 
Datos1b278455.txt 1.000000 55820.561995 15.584000 16.027000 Misc 0.000000 0.000000 
Datos1b278587.txt 1.000000 55820.561995 16.024000 16.549000 Misc 0.000000 0.000000 
Datos1b278631.txt 1.000000 55820.561995 15.758000 16.309000 Misc 0.000000 0.000000 
Datos1b27873.txt 1.000000 55820.561995 15.883000 16.414000 Misc 0.000000 0.000000 
Datos1b278859.txt 1.000000 55820.561995 14.143000 14.434000 Misc 0.000000 0.000000 
Datos1b278759.txt 1.000000 55820.561995 14.896000 15.032000 Misc 0.000000 0.000000 
Datos1b278803.txt 0.581450 55820.561995 14.758000 15.056000 Misc 0.000000 0.000000 
Datos1b278427.txt 0.581443 55820.561995 14.758000 15.056000 Misc 0.000000 0.000000 
Datos1b278250.txt 0.581442 55820.561995 14.758000 15.056000 Misc 0.000000 0.000000 
Datos1b278451.txt 1.000000 55820.561995 13.377000 13.585000 Misc 0.000000 0.000000 
Datos1b278745.txt 1.000000 55820.561995 16.043000 16.605000 Misc 0.000000 0.000000 
Datos1b278604.txt 1.000000 55820.561995 15.090000 15.509000 Misc 0.000000 0.000000 
Datos1b278284.txt 0.751493 55820.561995 15.012000 15.284000 Misc 0.000000 0.000000 
Datos1b278517.txt 0.543834 55820.561995 15.205000 15.639000 Misc 0.000000 0.000000 
Datos1b278286.txt 1.000000 55820.561995 13.105000 13.176000 Misc 0.000000 0.000000 
Datos1b278328.txt 1.000000 55820.561995 15.177000 15.329000 Misc 0.000000 0.000000 
Datos1b278312.txt 1.000000 55820.561995 15.177000 15.329000 Misc 0.000000 0.000000 
Datos1b278624.txt 0.751530 55820.561995 15.082000 15.387000 Misc 0.000000 0.000000 
Datos1b278167.txt 1.000000 55820.561995 15.524000 16.169000 Misc 0.000000 0.000000 
Datos1b278632.txt 1.000000 55820.561995 15.425000 15.818000 Misc 0.000000 0.000000 
Datos1b278653.txt 1.000000 55820.561995 15.748000 16.257000 Misc 0.000000 0.000000 
Datos1b278592.txt 1.000000 55820.561995 15.459000 15.946000 Misc 0.000000 0.000000 
Datos1b278869.txt 1.000000 55820.561995 15.392000 15.963000 Misc 0.000000 0.000000 
Datos1b278321.txt 0.536010 55820.561995 15.429000 15.973000 Misc 0.000000 0.000000 
Datos1b278641.txt 1.000000 55820.561995 14.967000 15.852000 Misc 0.000000 0.000000 
Datos1b278856.txt 1.000000 55820.561995 13.673000 13.759000 Misc 0.000000 0.000000 
Datos1b278846.txt 1.000000 55820.561995 15.571000 16.022000 Misc 0.000000 0.000000 
Datos1b278651.txt 1.000000 55820.561995 15.954000 16.479000 Misc 0.000000 0.000000 
Datos1b278367.txt 1.000000 55820.561995 15.954000 16.479000 Misc 0.000000 0.000000 
Datos1b278161.txt 1.000000 55820.561995 15.954000 16.479000 Misc 0.000000 0.000000 
Datos1b278542.txt 1.000000 55820.561995 15.080000 15.432000 Misc 0.000000 0.000000 
Datos1b278709.txt 1.000000 55820.561995 15.056000 15.406000 Misc 0.000000 0.000000 
Datos1b278308.txt 0.477495 55820.561995 15.056000 15.406000 Misc 0.000000 0.000000 
Datos1b278219.txt 1.000000 55820.561995 15.056000 15.406000 Misc 0.000000 0.000000 
Datos1b278595.txt 1.000000 55820.561995 15.361000 15.808000 Misc 0.000000 0.000000 
Datos1b278652.txt 0.790274 55820.561995 14.904000 15.217000 Misc 0.000000 0.000000 
Datos1b278454.txt 1.000000 55820.561995 14.022000 14.242000 Misc 0.000000 0.000000 
Datos1b278582.txt 1.000000 55820.561995 15.586000 16.050000 Misc 0.000000 0.000000 
Datos1b278497.txt 1.000000 55820.561995 15.586000 16.050000 Misc 0.000000 0.000000 
Datos1b278265.txt 0.282748 55820.561995 15.679000 16.171000 Misc 0.000000 0.000000 
Datos1b27853.txt 1.000000 55820.561995 15.113000 15.823000 Misc 0.000000 0.000000 
Datos1b278210.txt 1.000000 55820.561995 15.968000 16.520000 Misc 0.000000 0.000000 
Datos1b278467.txt 1.000000 55820.561995 15.460000 15.909000 Misc 0.000000 0.000000 
Datos1b278355.txt 1.000000 55820.561995 15.323000 15.721000 Misc 0.000000 0.000000 
Datos1b278578.txt 1.000000 55820.561995 15.107000 15.852000 Misc 0.000000 0.000000 
Datos1b278672.txt 1.000000 55820.561995 15.393000 15.781000 Misc 0.000000 0.000000 
Datos1b278676.txt 1.000000 55820.561995 15.019000 15.333000 Misc 0.000000 0.000000 
Datos1b278698.txt 1.000000 55820.561995 11.903000 12.205000 Misc 0.000000 0.000000 
Datos1b278343.txt 3.114894 55820.561995 11.903000 12.205000 Misc 0.000000 0.000000 
Datos1b278752.txt 1.000000 55820.561995 14.380000 14.718000 Misc 0.000000 0.000000 
Datos1b278365.txt 1.000000 55820.561995 12.251000 12.353000 Misc 0.000000 0.000000 
Datos1b278735.txt 1.000000 55820.561995 15.175000 15.508000 Misc 0.000000 0.000000 
Datos1b278181.txt 1.000000 55820.561995 15.916000 16.515000 Misc 0.000000 0.000000 
Datos1b278739.txt 1.000000 55820.561995 15.327000 15.743000 Misc 0.000000 0.000000 
Datos1b278341.txt 0.211214 55820.561995 15.242000 15.615000 Misc 0.000000 0.000000 
Datos1b27874.txt 0.751547 55820.561995 15.148000 15.459000 Misc 0.000000 0.000000 
Datos1b278678.txt 1.000000 55820.561995 14.258000 14.316000 Misc 0.000000 0.000000 
Datos1b278602.txt 1.000000 55820.561995 15.928000 16.532000 Misc 0.000000 0.000000 
Datos1b278305.txt 1.000000 55820.561995 15.928000 16.532000 Misc 0.000000 0.000000 
Datos1b278425.txt 1.000000 55820.561995 14.634000 14.744000 Misc 0.000000 0.000000 
Datos1b278725.txt 1.000000 55820.561995 14.858000 15.022000 Misc 0.000000 0.000000 
Datos1b278323.txt 1.000000 55820.561995 14.858000 15.022000 Misc 0.000000 0.000000 
Datos1b278720.txt 0.581439 55820.561995 14.855000 15.132000 Misc 0.000000 0.000000 
Datos1b278576.txt 1.000000 55820.561995 14.761000 15.067000 Misc 0.000000 0.000000 
Datos1b278855.txt 1.000000 55820.561995 15.350000 15.742000 Misc 0.000000 0.000000 
Datos1b278342.txt 1.183850 55820.561995 15.485000 15.974000 Misc 0.000000 0.000000 
Datos1b278832.txt 1.000000 55820.561995 14.802000 15.220000 Misc 0.000000 0.000000 
Datos1b278375.txt 0.581447 55820.561995 15.007000 15.260000 Misc 0.000000 0.000000 
Datos1b278474.txt 1.000000 55820.561995 15.873000 16.416000 Misc 0.000000 0.000000 
Datos1b278540.txt 1.000000 55820.561995 13.280000 13.393000 Misc 0.000000 0.000000 
Datos1b278590.txt 0.751566 55820.561995 15.019000 15.330000 Misc 0.000000 0.000000 
Datos1b278168.txt 0.753086 55820.561995 15.019000 15.330000 Misc 0.000000 0.000000 
Datos1b278241.txt 1.000000 55820.561995 15.027000 15.475000 Misc 0.000000 0.000000 
Datos1b278571.txt 1.000000 55820.561995 15.690000 16.262000 Misc 0.000000 0.000000 
Datos1b278690.txt 0.303357 55820.561995 13.170000 13.363000 Misc 0.000000 0.000000 
Datos1b278714.txt 0.451573 55820.561995 15.718000 16.208000 Misc 0.000000 0.000000 
Datos1b278808.txt 1.000000 55820.561995 15.531000 15.973000 Misc 0.000000 0.000000 
Datos1b278486.txt 0.581429 55820.561995 14.734000 15.032000 Misc 0.000000 0.000000 
Datos1b278127.txt 0.467433 55820.561995 12.835000 12.926000 Misc 0.000000 0.000000 
Datos1b278204.txt 1.000000 55820.561995 15.621000 16.488000 Misc 0.000000 0.000000 
Datos1b278141.txt 4.066667 55820.561995 14.788000 14.876000 Misc 0.000000 0.000000 
Datos1b278640.txt 1.163964 55820.561995 15.531000 16.137000 Misc 0.000000 0.000000 
Datos1b27825.txt 1.162893 55820.561995 15.531000 16.137000 Misc 0.000000 0.000000 
Datos1b278552.txt 0.744659 55820.561995 15.082000 15.496000 Misc 0.000000 0.000000 
Datos1b278733.txt 1.000000 55820.561995 15.531000 16.057000 Misc 0.000000 0.000000 
Datos1b278144.txt 1.000000 55820.561995 15.531000 16.057000 Misc 0.000000 0.000000 
Datos1b278854.txt 1.000000 55820.561995 14.991000 15.364000 Misc 0.000000 0.000000 
Datos1b278496.txt 1.000000 55820.561995 14.991000 15.364000 Misc 0.000000 0.000000 
Datos1b278364.txt 1.000000 55820.561995 14.991000 15.364000 Misc 0.000000 0.000000 
Datos1b278456.txt 0.267936 55820.561995 13.883000 14.194000 Misc 0.000000 0.000000 
Datos1b278107.txt 1.000000 55820.561995 15.098000 15.399000 Misc 0.000000 0.000000 
Datos1b278488.txt 1.000000 55820.561995 15.871000 16.987000 Misc 0.000000 0.000000 
Datos1b278187.txt 1.000000 55820.561995 15.871000 16.987000 Misc 0.000000 0.000000 
Datos1b278151.txt 1.000000 55820.561995 15.142000 15.253000 Misc 0.000000 0.000000 
Datos1b278755.txt 1.000000 55820.561995 15.205000 15.602000 Misc 0.000000 0.000000 
Datos1b278783.txt 1.000000 55820.561995 15.366000 15.733000 Misc 0.000000 0.000000 
Datos1b278591.txt 1.000000 55820.561995 15.366000 15.733000 Misc 0.000000 0.000000 
Datos1b278149.txt 1.000000 55820.561995 15.394000 15.818000 Misc 0.000000 0.000000 
Datos1b2781.txt 3.832461 55820.561995 14.792000 14.943000 Misc 0.000000 0.000000 
Datos1b27824.txt 1.000000 55820.561995 12.791000 12.888000 Misc 0.000000 0.000000 
Datos1b278789.txt 1.000000 55820.561995 15.061000 15.331000 Misc 0.000000 0.000000 
Datos1b278550.txt 1.000000 55820.561995 15.061000 15.331000 Misc 0.000000 0.000000 
Datos1b278379.txt 1.000000 56507.495576 15.024000 15.356000 Misc 0.000000 0.000000 
Datos1b278466.txt 0.581439 55820.561995 15.047000 15.305000 Misc 0.000000 0.000000 
Datos1b278481.txt 1.000000 55820.561995 15.915000 16.973000 Misc 0.000000 0.000000 
Datos1b27886.txt 1.000000 55820.561995 15.396000 15.951000 Misc 0.000000 0.000000 
Datos1b278813.txt 1.000000 55820.561995 15.291000 15.517000 Misc 0.000000 0.000000 
Datos1b278677.txt 1.000000 55820.561995 13.194000 13.290000 Misc 0.000000 0.000000 
Datos1b27833.txt 1.000000 55820.561995 13.083000 13.224000 Misc 0.000000 0.000000 
Datos1b278754.txt 0.420207 55820.561995 15.407000 15.862000 Misc 0.000000 0.000000 
Datos1b27821.txt 1.000000 55820.561995 15.541000 16.101000 Misc 0.000000 0.000000 
Datos1b278683.txt 1.000000 55820.561995 13.071000 13.153000 Misc 0.000000 0.000000 
Datos1b278562.txt 1.000000 55820.561995 15.077000 15.367000 Misc 0.000000 0.000000 
Datos1b278514.txt 0.313722 55820.561995 15.077000 15.367000 Misc 0.000000 0.000000 
Datos1b278339.txt 1.000000 55820.561995 15.175000 15.444000 Misc 0.000000 0.000000 
Datos1b278825.txt 1.000000 55820.561995 14.846000 14.929000 Misc 0.000000 0.000000 
Datos1b278333.txt 1.000000 55820.561995 12.843000 13.192000 Misc 0.000000 0.000000 
Datos1b278469.txt 4.331361 55820.561995 12.900000 13.032000 Misc 0.000000 0.000000 
Datos1b2789.txt 1.000000 55820.561995 14.016000 14.252000 Misc 0.000000 0.000000 
Datos1b278707.txt 1.000000 55820.561995 14.016000 14.252000 Misc 0.000000 0.000000 
Datos1b278309.txt 1.000000 55820.561995 14.987000 15.098000 Misc 0.000000 0.000000 
Datos1b278449.txt 0.720472 55820.561995 14.860000 15.177000 Misc 0.000000 0.000000 
Datos1b278495.txt 1.648649 55820.561995 15.614000 16.181000 Misc 0.000000 0.000000 
Datos1b278646.txt 1.000000 55820.561995 14.574000 14.661000 Misc 0.000000 0.000000 
Datos1b278670.txt 1.000000 55820.561995 15.178000 15.345000 Misc 0.000000 0.000000 
Datos1b278612.txt 1.000000 55820.561995 14.414000 14.528000 Misc 0.000000 0.000000 
Datos1b278420.txt 1.000000 55820.561995 15.772000 16.290000 Misc 0.000000 0.000000 
Datos1b278277.txt 1.000000 55820.561995 14.857000 15.003000 Misc 0.000000 0.000000 
Datos1b278183.txt 1.000000 55820.561995 14.597000 14.756000 Misc 0.000000 0.000000 
Datos1b278186.txt 1.000000 55820.561995 14.054000 14.148000 Misc 0.000000 0.000000 
Datos1b278351.txt 1.000000 55820.561995 14.818000 14.972000 Misc 0.000000 0.000000 
Datos1b278297.txt 1.000000 55820.561995 14.818000 14.972000 Misc 0.000000 0.000000 
Datos1b278630.txt 1.000000 55820.561995 15.115000 15.380000 Misc 0.000000 0.000000 
Datos1b278546.txt 1.000000 55820.561995 12.657000 12.866000 Misc 0.000000 0.000000 
Datos1b278626.txt 1.000000 55820.561995 14.437000 14.640000 Misc 0.000000 0.000000 
Datos1b278564.txt 1.000000 55820.561995 14.951000 15.145000 Misc 0.000000 0.000000 
Datos1b278380.txt 1.000000 55820.561995 12.610000 12.724000 Misc 0.000000 0.000000 
Datos1b278785.txt 1.000000 55820.561995 14.295000 14.375000 Misc 0.000000 0.000000 
Datos1b278505.txt 1.000000 55820.561995 12.291000 12.380000 Misc 0.000000 0.000000 
Datos1b278796.txt 1.000000 55820.561995 14.841000 15.197000 Misc 0.000000 0.000000 
Datos1b278715.txt 1.000000 55820.561995 15.235000 15.632000 Misc 0.000000 0.000000 
Datos1b278790.txt 2.431894 55820.561995 15.371000 15.773000 Misc 0.000000 0.000000 
Datos1b278201.txt 0.581876 55820.561995 12.984000 13.068000 Misc 0.000000 0.000000 
Datos1b278266.txt 1.000000 55820.561995 15.447000 15.956000 Misc 0.000000 0.000000 
Datos1b278458.txt 1.000000 55820.561995 14.625000 14.711000 Misc 0.000000 0.000000 
Datos1b278758.txt 1.000000 55820.561995 13.994000 14.078000 Misc 0.000000 0.000000 
Datos1b278818.txt 1.000000 55820.561995 15.064000 15.372000 Misc 0.000000 0.000000 
Datos1b278771.txt 1.000000 55820.561995 15.064000 15.372000 Misc 0.000000 0.000000 
Datos1b278814.txt 1.000000 55839.524416 13.915000 13.974000 Misc 0.000000 0.000000 
Datos1b278228.txt 1.000000 55820.561995 12.635000 12.762000 Misc 0.000000 0.000000 
Datos1b278753.txt 4.331361 55820.561995 13.067000 13.144000 Misc 0.000000 0.000000 
Datos1b278844.txt 0.445526 55820.561995 14.165000 14.282000 Misc 0.000000 0.000000 
Datos1b278274.txt 1.000000 55820.561995 13.289000 13.365000 Misc 0.000000 0.000000 
Datos1b278719.txt 1.000000 55820.561995 13.171000 13.251000 Misc 0.000000 0.000000 
Datos1b278358.txt 1.000000 55820.561995 15.261000 15.447000 Misc 0.000000 0.000000 
Datos1b278324.txt 1.000000 55820.561995 14.794000 14.927000 Misc 0.000000 0.000000 
Datos1b278485.txt 1.000000 55820.561995 14.914000 15.025000 Misc 0.000000 0.000000 
Datos1b278842.txt 1.000000 55820.561995 15.972000 16.487000 Misc 0.000000 0.000000 
Datos1b278791.txt 1.000000 55820.561995 15.972000 16.487000 Misc 0.000000 0.000000 
Datos1b278661.txt 1.000000 55820.561995 15.212000 15.564000 Misc 0.000000 0.000000 
Datos1b278535.txt 1.000000 55820.561995 15.212000 15.564000 Misc 0.000000 0.000000 
Datos1b278634.txt 1.000000 55820.561995 15.107000 15.292000 Misc 0.000000 0.000000 
Datos1b278541.txt 1.000000 55820.561995 15.048000 15.219000 Misc 0.000000 0.000000 
Datos1b278659.txt 1.000000 55820.561995 14.623000 14.851000 Misc 0.000000 0.000000 
Datos1b278153.txt 1.000000 55820.561995 14.368000 14.430000 Misc 0.000000 0.000000 
Datos1b27841.txt 1.000000 55820.561995 12.668000 12.840000 Misc 0.000000 0.000000 
Datos1b278625.txt 1.000000 55820.561995 14.849000 14.970000 Misc 0.000000 0.000000 
Datos1b27850.txt 1.000000 55820.561995 14.849000 14.970000 Misc 0.000000 0.000000 
Datos1b27876.txt 1.000000 55820.561995 14.826000 14.964000 Misc 0.000000 0.000000 
Datos1b27829.txt 1.000000 55820.561995 15.086000 15.231000 Misc 0.000000 0.000000 
Datos1b278703.txt 4.066667 55820.561995 14.810000 14.936000 Misc 0.000000 0.000000 
Datos1b278384.txt 1.000000 55820.561995 14.810000 14.936000 Misc 0.000000 0.000000 
Datos1b278304.txt 1.000000 55820.561995 14.915000 15.106000 Misc 0.000000 0.000000 
Datos1b278206.txt 1.000000 55820.561995 14.886000 15.117000 Misc 0.000000 0.000000 
Datos1b27872.txt 0.375994 55820.561995 15.967000 16.613000 Misc 0.000000 0.000000 
Datos1b278370.txt 1.000000 55820.561995 15.967000 16.613000 Misc 0.000000 0.000000 
Datos1b278862.txt 1.000000 55820.561995 15.091000 15.298000 Misc 0.000000 0.000000 
Datos1b278797.txt 1.000000 55820.561995 14.681000 14.792000 Misc 0.000000 0.000000 
Datos1b278256.txt 1.000000 55820.561995 14.681000 14.792000 Misc 0.000000 0.000000 
Datos1b278257.txt 1.000000 55820.561995 14.975000 15.143000 Misc 0.000000 0.000000 
Datos1b278498.txt 0.495264 55820.561995 12.819000 12.992000 Misc 0.000000 0.000000 
Datos1b278369.txt 0.302964 55820.561995 15.004000 15.238000 Misc 0.000000 0.000000 
Datos1b27820.txt 1.000000 55820.561995 14.779000 14.936000 Misc 0.000000 0.000000 
Datos1b278200.txt 1.000000 55820.561995 12.455000 12.611000 Misc 0.000000 0.000000 
Datos1b27887.txt 0.546715 55820.561995 15.837000 16.434000 Misc 0.000000 0.000000 
Datos1b27823.txt 1.000000 55820.561995 15.837000 16.434000 Misc 0.000000 0.000000 
Datos1b27893.txt 1.000000 55820.561995 15.227000 15.398000 Misc 0.000000 0.000000 
Datos1b278501.txt 1.000000 55820.561995 14.938000 15.070000 Misc 0.000000 0.000000 
Datos1b278691.txt 1.000000 55820.561995 14.071000 14.142000 Misc 0.000000 0.000000 
Datos1b27864.txt 1.000000 55820.561995 13.807000 13.890000 Misc 0.000000 0.000000 
Datos1b278575.txt 1.000000 55820.561995 13.807000 13.890000 Misc 0.000000 0.000000 
Datos1b278444.txt 1.000000 55820.561995 15.132000 15.288000 Misc 0.000000 0.000000 
Datos1b27880.txt 1.000000 55820.561995 14.370000 14.559000 Misc 0.000000 0.000000 
Datos1b278741.txt 1.000000 55820.561995 14.370000 14.559000 Misc 0.000000 0.000000 
Datos1b278249.txt 1.000000 55820.561995 13.369000 13.466000 Misc 0.000000 0.000000 
Datos1b27882.txt 1.000000 55820.561995 14.624000 14.749000 Misc 0.000000 0.000000 
Datos1b278231.txt 1.000000 55820.561995 13.203000 13.290000 Misc 0.000000 0.000000 
Datos1b278223.txt 1.000000 55820.561995 14.337000 14.398000 Misc 0.000000 0.000000 
Datos1b278680.txt 1.000000 55820.561995 14.804000 14.888000 Misc 0.000000 0.000000 
Datos1b278414.txt 1.000000 55820.561995 14.986000 15.094000 Misc 0.000000 0.000000 
Datos1b278111.txt 1.000000 55820.561995 14.986000 15.094000 Misc 0.000000 0.000000 
Datos1b278233.txt 1.000000 55820.561995 13.028000 13.087000 Misc 0.000000 0.000000 
Datos1b2785.txt 1.000000 55820.561995 13.851000 13.947000 Misc 0.000000 0.000000 
Datos1b278317.txt 1.000000 55820.561995 14.872000 14.993000 Misc 0.000000 0.000000 
Datos1b278113.txt 1.000000 55820.561995 14.872000 14.993000 Misc 0.000000 0.000000 
Datos1b278548.txt 0.683456 55820.561995 14.941000 15.207000 Misc 0.000000 0.000000 
Datos1b278793.txt 4.011503 55820.561995 13.309000 13.374000 Misc 0.000000 0.000000 
Datos1b278538.txt 1.000000 55820.561995 13.095000 13.150000 Misc 0.000000 0.000000 
Datos1b2782.txt 1.000000 55820.561995 12.737000 12.795000 Misc 0.000000 0.000000 
Datos1b278521.txt 1.000000 55820.561995 14.300000 14.387000 Misc 0.000000 0.000000 
Datos1b278864.txt 1.000000 55820.561995 15.090000 15.237000 Misc 0.000000 0.000000 
Datos1b278431.txt 1.000000 55820.561995 15.170000 15.309000 Misc 0.000000 0.000000 
Datos1b278802.txt 1.000000 55820.561995 14.411000 14.495000 Misc 0.000000 0.000000 
Datos1b278325.txt 1.000000 55820.561995 14.937000 15.072000 Misc 0.000000 0.000000 
Datos1b278396.txt 1.000000 55820.561995 13.023000 13.084000 Misc 0.000000 0.000000 
Datos1b278129.txt 1.000000 55820.561995 13.023000 13.084000 Misc 0.000000 0.000000 
Datos1b278737.txt 1.000000 55820.561995 14.122000 14.182000 Misc 0.000000 0.000000 
Datos1b2787.txt 1.000000 55820.561995 14.122000 14.182000 Misc 0.000000 0.000000 
Datos1b278230.txt 1.000000 55820.561995 14.122000 14.182000 Misc 0.000000 0.000000 
Datos1b278717.txt 1.000000 55820.561995 14.698000 14.808000 Misc 0.000000 0.000000 
Datos1b278413.txt 1.000000 55820.561995 14.698000 14.808000 Misc 0.000000 0.000000 
Datos1b278335.txt 1.000000 55820.561995 14.661000 14.754000 Misc 0.000000 0.000000 
Datos1b278686.txt 1.000000 55820.561995 15.271000 15.419000 Misc 0.000000 0.000000 
Datos1b278605.txt 1.000000 55820.561995 14.368000 14.523000 Misc 0.000000 0.000000 
Datos1b278713.txt 1.000000 55820.561995 13.555000 13.623000 Misc 0.000000 0.000000 
Datos1b278867.txt 1.000000 55820.561995 14.823000 14.916000 Misc 0.000000 0.000000 
Datos1b278732.txt 1.000000 55820.561995 14.814000 14.917000 Misc 0.000000 0.000000 
Datos1b278293.txt 1.000000 55820.561995 14.154000 14.219000 Misc 0.000000 0.000000 
Datos1b278513.txt 1.000000 55820.561995 14.840000 14.947000 Misc 0.000000 0.000000 
Datos1b278536.txt 1.000000 55820.561995 14.917000 15.020000 Misc 0.000000 0.000000 
Datos1b278386.txt 1.000000 55820.561995 14.917000 15.020000 Misc 0.000000 0.000000 
Datos1b278436.txt 1.000000 55820.561995 13.873000 13.952000 Misc 0.000000 0.000000 
Datos1b27836.txt 1.000000 55820.561995 13.873000 13.952000 Misc 0.000000 0.000000 
Datos1b278482.txt 1.000000 55820.561995 14.773000 14.864000 Misc 0.000000 0.000000 
Datos1b278368.txt 1.000000 55820.561995 14.244000 14.326000 Misc 0.000000 0.000000 
Datos1b278368.txt 1.000000 55820.561995 14.244000 14.326000 Misc 0.000000 0.000000 
