Datos1b278660.txt 13.151165 55820.561995 13.188000 13.394000 Misc 0.000000 0.000000 
Datos1b278402.txt 0.508809 55820.561995 13.311000 13.555000 Misc 0.000000 0.000000 
Datos1b278662.txt 0.512959 55820.561995 14.129000 14.435000 Misc 0.000000 0.000000 
Datos1b278116.txt 0.511159 55820.561995 14.516000 14.832000 Misc 0.000000 0.000000 
Datos1b278434.txt 0.508165 55820.561995 14.524000 14.837000 Misc 0.000000 0.000000 
Datos1b278234.txt 0.718230 55820.561995 15.429000 15.971000 Misc 0.000000 0.000000 
Datos1b278164.txt 0.469194 55820.561995 14.237000 14.525000 Misc 0.000000 0.000000 
Datos1b278583.txt 0.390566 55820.561995 14.655000 15.032000 Misc 0.000000 0.000000 
Datos1b278471.txt 0.529821 55820.561995 14.162000 14.494000 Misc 0.000000 0.000000 
Datos1b27855.txt 0.521741 55820.561995 14.202000 14.551000 Misc 0.000000 0.000000 
Datos1b278760.txt 0.477022 55820.561995 12.258000 12.444000 Misc 0.000000 0.000000 
Datos1b27819.txt 0.286913 55820.561995 14.211000 14.579000 Misc 0.000000 0.000000 
Datos1b278215.txt 0.535249 55820.561995 14.272000 14.605000 Misc 0.000000 0.000000 
Datos1b27852.txt 0.474123 55820.561995 14.424000 14.830000 Misc 0.000000 0.000000 
Datos1b278189.txt 0.474098 55820.561995 14.424000 14.830000 Misc 0.000000 0.000000 
Datos1b278446.txt 0.407258 55820.561995 15.062000 15.467000 Misc 0.000000 0.000000 
Datos1b278567.txt 0.660376 55820.561995 13.242000 13.583000 Misc 0.000000 0.000000 
Datos1b278770.txt 0.329023 55820.561995 15.278000 15.740000 Misc 0.000000 0.000000 
Datos1b278849.txt 2.840818 55820.561995 12.331000 12.754000 Misc 0.000000 0.000000 
Datos1b278360.txt 0.599211 55820.561995 14.264000 14.532000 Misc 0.000000 0.000000 
Datos1b278238.txt 0.560915 55820.561995 14.279000 14.564000 Misc 0.000000 0.000000 
Datos1b27863.txt 0.507674 55820.561995 12.895000 13.248000 Misc 0.000000 0.000000 
Datos1b278158.txt 0.412290 55820.561995 12.004000 12.328000 Misc 0.000000 0.000000 
Datos1b278839.txt 1.340664 55820.561995 15.362000 15.992000 Misc 0.000000 0.000000 
Datos1b27816.txt 1.057236 55820.561995 13.984000 14.257000 Misc 0.000000 0.000000 
Datos1b278388.txt 1.233701 55820.561995 12.627000 12.921000 Misc 0.000000 0.000000 
Datos1b278806.txt 0.439588 55820.561995 14.464000 14.768000 Misc 0.000000 0.000000 
Datos1b278143.txt 0.259714 55820.561995 16.292000 17.018000 Misc 0.000000 0.000000 
Datos1b278112.txt 0.687677 55820.561995 14.090000 14.359000 Misc 0.000000 0.000000 
Datos1b278165.txt 22.675908 55820.561995 12.046000 12.402000 Misc 0.000000 0.000000 
Datos1b278727.txt 0.644397 55820.561995 15.190000 15.706000 Misc 0.000000 0.000000 
Datos1b27827.txt 1.288796 55820.561995 15.190000 15.706000 Misc 0.000000 0.000000 
Datos1b278203.txt 0.601183 55820.561995 13.931000 14.369000 Misc 0.000000 0.000000 
Datos1b278156.txt 0.467442 55820.561995 14.402000 14.808000 Misc 0.000000 0.000000 
Datos1b278276.txt 0.393700 55820.561995 14.700000 15.097000 Misc 0.000000 0.000000 
Datos1b278407.txt 1.000000 55820.561995 12.696000 12.875000 Misc 0.000000 0.000000 
Datos1b278357.txt 2.973363 55820.561995 15.465000 16.033000 Misc 0.000000 0.000000 
Datos1b278162.txt 0.560920 55820.561995 14.286000 14.630000 Misc 0.000000 0.000000 
Datos1b278473.txt 0.704921 55820.561995 14.031000 14.340000 Misc 0.000000 0.000000 
Datos1b278245.txt 0.432314 55820.561995 14.646000 14.991000 Misc 0.000000 0.000000 
Datos1b278530.txt 1.072007 55820.561995 13.887000 14.202000 Misc 0.000000 0.000000 
Datos1b278847.txt 2.281420 55820.561995 13.767000 14.129000 Misc 0.000000 0.000000 
Datos1b278147.txt 1.267378 55820.561995 15.062000 15.715000 Misc 0.000000 0.000000 
Datos1b278190.txt 4.799804 55820.561995 12.664000 13.155000 Misc 0.000000 0.000000 
Datos1b278492.txt 0.441780 55820.561995 13.842000 14.127000 Misc 0.000000 0.000000 
Datos1b27899.txt 0.439137 55820.561995 13.841000 14.073000 Misc 0.000000 0.000000 
Datos1b278557.txt 0.439135 55820.561995 13.841000 14.073000 Misc 0.000000 0.000000 
Datos1b278694.txt 3.334888 55820.561995 12.896000 13.233000 Misc 0.000000 0.000000 
Datos1b278628.txt 0.754641 55820.561995 14.597000 15.187000 Misc 0.000000 0.000000 
Datos1b278470.txt 0.399314 55820.561995 14.361000 14.687000 Misc 0.000000 0.000000 
Datos1b278520.txt 1.207917 55820.561995 15.212000 15.840000 Misc 0.000000 0.000000 
Datos1b278648.txt 0.947291 55820.561995 14.600000 14.948000 Misc 0.000000 0.000000 
Datos1b278258.txt 4.572412 55820.561995 12.570000 12.881000 Misc 0.000000 0.000000 
Datos1b278687.txt 0.328776 55820.561995 15.919000 16.631000 Misc 0.000000 0.000000 
Datos1b27826.txt 1.633825 55820.561995 12.405000 12.659000 Misc 0.000000 0.000000 
Datos1b278264.txt 0.280730 55820.561995 15.460000 15.909000 Misc 0.000000 0.000000 
Datos1b278523.txt 1.138749 55820.561995 14.464000 14.797000 Misc 0.000000 0.000000 
Datos1b278610.txt 5.547261 55820.561995 13.725000 13.957000 Misc 0.000000 0.000000 
Datos1b278377.txt 5.546614 55820.561995 13.725000 13.957000 Misc 0.000000 0.000000 
Datos1b278336.txt 5.546850 55820.561995 13.725000 13.957000 Misc 0.000000 0.000000 
Datos1b278226.txt 1.331140 55820.561995 14.576000 14.943000 Misc 0.000000 0.000000 
Datos1b278601.txt 1.198620 55820.561995 13.963000 14.211000 Misc 0.000000 0.000000 
Datos1b27860.txt 0.211802 55820.561995 13.996000 14.475000 Misc 0.000000 0.000000 
Datos1b278313.txt 1.166629 55820.561995 14.114000 14.430000 Misc 0.000000 0.000000 
Datos1b278551.txt 9.217630 55820.561995 13.098000 13.649000 Misc 0.000000 0.000000 
Datos1b278833.txt 0.567471 55820.561995 13.235000 13.504000 Misc 0.000000 0.000000 
Datos1b278403.txt 0.567463 55820.561995 13.235000 13.504000 Misc 0.000000 0.000000 
Datos1b278699.txt 6.893688 55820.561995 14.031000 14.264000 Misc 0.000000 0.000000 
Datos1b27895.txt 0.286981 55820.561995 13.392000 13.623000 Misc 0.000000 0.000000 
Datos1b278611.txt 0.286980 55820.561995 13.392000 13.623000 Misc 0.000000 0.000000 
