Datos2b278836.txt 1.000000 55820.561995 13.692000 13.929000 Misc 0.000000 0.000000 
Datos2b278120.txt 1.001136 55820.561995 13.653000 13.840000 Misc 0.000000 0.000000 
Datos2b278804.txt 1.000000 55820.561995 13.244000 13.435000 Misc 0.000000 0.000000 
Datos2b27818.txt 1.000000 55820.561995 12.417000 12.579000 Misc 0.000000 0.000000 
Datos2b27854.txt 1.022194 55820.561995 13.147000 13.332000 Misc 0.000000 0.000000 
Datos2b27841.txt 0.999690 55820.561995 13.984000 14.232000 Misc 0.000000 0.000000 
Datos2b278532.txt 1.000000 55820.561995 15.274000 16.079000 Misc 0.000000 0.000000 
Datos2b278273.txt 1.000000 55820.561995 15.274000 16.079000 Misc 0.000000 0.000000 
Datos2b278456.txt 0.996829 55820.561995 12.465000 12.630000 Misc 0.000000 0.000000 
Datos2b278235.txt 0.309583 55820.561995 12.737000 13.018000 Misc 0.000000 0.000000 
Datos2b278732.txt 0.489523 55820.561995 14.234000 14.643000 Misc 0.000000 0.000000 
Datos2b278715.txt 1.000000 55820.561995 14.838000 15.314000 Misc 0.000000 0.000000 
Datos2b278153.txt 1.000000 55820.561995 14.479000 14.762000 Misc 0.000000 0.000000 
Datos2b278656.txt 1.000000 55820.561995 16.002000 16.655000 Misc 0.000000 0.000000 
Datos2b278670.txt 0.536082 55806.591492 15.607000 16.124000 Misc 0.000000 0.000000 
Datos2b2781.txt 0.401095 55820.561995 13.422000 13.659000 Misc 0.000000 0.000000 
Datos2b27889.txt 0.442250 55820.561995 16.015000 16.748000 Misc 0.000000 0.000000 
Datos2b278229.txt 0.492816 55820.561995 14.623000 14.999000 Misc 0.000000 0.000000 
Datos2b278154.txt 0.992053 55820.561995 14.623000 14.999000 Misc 0.000000 0.000000 
Datos2b278592.txt 1.000000 55820.561995 13.615000 13.853000 Misc 0.000000 0.000000 
Datos2b278477.txt 0.499535 55820.561995 11.991000 12.391000 Misc 0.000000 0.000000 
Datos2b278811.txt 1.000000 55820.561995 15.407000 15.883000 Misc 0.000000 0.000000 
Datos2b278205.txt 1.000000 55820.561995 13.280000 13.503000 Misc 0.000000 0.000000 
Datos2b278482.txt 1.000000 55820.561995 15.261000 15.643000 Misc 0.000000 0.000000 
Datos2b278554.txt 1.000000 55820.561995 14.756000 15.066000 Misc 0.000000 0.000000 
Datos2b278426.txt 1.000000 55820.561995 14.756000 15.066000 Misc 0.000000 0.000000 
Datos2b27850.txt 0.399473 55820.561995 16.053000 16.724000 Misc 0.000000 0.000000 
Datos2b278455.txt 0.520840 55820.561995 15.429000 15.971000 Misc 0.000000 0.000000 
Datos2b278468.txt 0.499535 55820.561995 13.371000 13.583000 Misc 0.000000 0.000000 
Datos2b278705.txt 1.000000 55820.561995 15.876000 16.456000 Misc 0.000000 0.000000 
Datos2b278822.txt 0.845307 55820.561995 15.905000 16.593000 Misc 0.000000 0.000000 
Datos2b278813.txt 0.835666 55820.561995 15.905000 16.593000 Misc 0.000000 0.000000 
Datos2b27859.txt 0.826243 55820.561995 15.905000 16.593000 Misc 0.000000 0.000000 
Datos2b278669.txt 0.374448 55820.561995 15.529000 16.016000 Misc 0.000000 0.000000 
Datos2b278135.txt 0.342906 55820.561995 15.529000 16.016000 Misc 0.000000 0.000000 
Datos2b278856.txt 1.000000 55839.524416 16.139000 16.789000 Misc 0.000000 0.000000 
Datos2b27831.txt 0.458867 55820.561995 15.591000 16.354000 Misc 0.000000 0.000000 
Datos2b278419.txt 1.000000 55820.561995 12.656000 12.854000 Misc 0.000000 0.000000 
Datos2b27863.txt 3.542857 55820.561995 12.780000 12.961000 Misc 0.000000 0.000000 
Datos2b278384.txt 0.424322 55820.561995 13.359000 13.544000 Misc 0.000000 0.000000 
Datos2b27819.txt 1.000000 55820.561995 13.326000 13.534000 Misc 0.000000 0.000000 
Datos2b278672.txt 0.592429 55820.561995 15.745000 16.298000 Misc 0.000000 0.000000 
Datos2b278584.txt 0.544043 55820.561995 12.835000 12.980000 Misc 0.000000 0.000000 
Datos2b278195.txt 0.536082 55820.561995 12.835000 12.980000 Misc 0.000000 0.000000 
Datos2b27846.txt 1.000000 55820.561995 16.195000 16.933000 Misc 0.000000 0.000000 
Datos2b278142.txt 1.000000 55820.561995 14.457000 14.768000 Misc 0.000000 0.000000 
Datos2b278185.txt 0.509965 55839.524416 14.459000 14.782000 Misc 0.000000 0.000000 
Datos2b278695.txt 1.000000 55820.561995 14.851000 15.259000 Misc 0.000000 0.000000 
Datos2b278502.txt 0.344518 55820.561995 14.181000 14.543000 Misc 0.000000 0.000000 
Datos2b278786.txt 0.735066 55820.561995 13.888000 14.125000 Misc 0.000000 0.000000 
Datos2b278840.txt 0.997623 55820.561995 13.445000 13.623000 Misc 0.000000 0.000000 
Datos2b278754.txt 1.008130 55820.561995 12.941000 13.179000 Misc 0.000000 0.000000 
Datos2b278559.txt 0.346146 55820.561995 15.896000 16.373000 Misc 0.000000 0.000000 
Datos2b278197.txt 0.347142 55820.561995 15.896000 16.373000 Misc 0.000000 0.000000 
Datos2b278634.txt 0.706708 55820.561995 14.796000 15.118000 Misc 0.000000 0.000000 
Datos2b27878.txt 1.093731 56507.495576 13.056000 13.252000 Misc 0.000000 0.000000 
Datos2b278450.txt 1.000000 55820.561995 12.916000 13.109000 Misc 0.000000 0.000000 
Datos2b278194.txt 1.000000 55839.524416 14.912000 15.447000 Misc 0.000000 0.000000 
Datos2b278356.txt 0.347789 55820.561995 14.767000 15.374000 Misc 0.000000 0.000000 
Datos2b278177.txt 0.251208 55820.561995 15.669000 16.111000 Misc 0.000000 0.000000 
Datos2b278246.txt 0.592429 55820.561995 15.213000 15.652000 Misc 0.000000 0.000000 
Datos2b278485.txt 0.552346 55820.561995 16.155000 16.756000 Misc 0.000000 0.000000 
Datos2b278470.txt 0.382262 55820.561995 15.356000 15.817000 Misc 0.000000 0.000000 
Datos2b278111.txt 0.940224 55820.561995 15.356000 15.817000 Misc 0.000000 0.000000 
Datos2b278675.txt 0.436975 55820.561995 15.987000 16.590000 Misc 0.000000 0.000000 
Datos2b278191.txt 1.000000 55820.561995 15.987000 16.590000 Misc 0.000000 0.000000 
Datos2b278511.txt 0.412382 55820.561995 13.858000 14.088000 Misc 0.000000 0.000000 
Datos2b278371.txt 0.627970 55820.561995 16.063000 16.631000 Misc 0.000000 0.000000 
Datos2b278649.txt 0.693333 55820.561995 15.709000 16.261000 Misc 0.000000 0.000000 
Datos2b278209.txt 1.008512 55820.561995 15.549000 16.067000 Misc 0.000000 0.000000 
Datos2b278394.txt 1.000000 55820.561995 13.156000 13.348000 Misc 0.000000 0.000000 
Datos2b278404.txt 1.505135 55820.561995 15.565000 16.040000 Misc 0.000000 0.000000 
Datos2b278109.txt 0.499535 55820.561995 13.892000 14.270000 Misc 0.000000 0.000000 
Datos2b278845.txt 1.000000 55820.561995 14.631000 14.983000 Misc 0.000000 0.000000 
Datos2b278453.txt 1.000000 55820.561995 14.935000 15.351000 Misc 0.000000 0.000000 
Datos2b278850.txt 0.808020 55820.561995 15.336000 15.802000 Misc 0.000000 0.000000 
Datos2b278286.txt 0.496153 55820.561995 15.336000 15.802000 Misc 0.000000 0.000000 
Datos2b278320.txt 0.622634 55820.561995 12.499000 12.742000 Misc 0.000000 0.000000 
Datos2b278601.txt 0.865271 55820.561995 15.219000 15.651000 Misc 0.000000 0.000000 
Datos2b278744.txt 1.000000 55820.561995 13.288000 13.552000 Misc 0.000000 0.000000 
Datos2b27829.txt 1.000000 55820.561995 15.789000 16.632000 Misc 0.000000 0.000000 
Datos2b278252.txt 0.536082 55820.561995 16.004000 16.612000 Misc 0.000000 0.000000 
Datos2b278437.txt 0.897051 55820.561995 15.905000 16.363000 Misc 0.000000 0.000000 
Datos2b278745.txt 1.000000 55820.561995 16.072000 16.840000 Misc 0.000000 0.000000 
Datos2b278565.txt 1.000000 55820.561995 16.072000 16.840000 Misc 0.000000 0.000000 
Datos2b27824.txt 1.000000 55820.561995 15.567000 16.045000 Misc 0.000000 0.000000 
Datos2b278802.txt 1.841361 55820.561995 15.762000 16.261000 Misc 0.000000 0.000000 
Datos2b278494.txt 0.498979 55820.561995 14.877000 15.329000 Misc 0.000000 0.000000 
Datos2b278367.txt 1.000000 55820.561995 15.734000 16.272000 Misc 0.000000 0.000000 
Datos2b278735.txt 1.000000 55820.561995 15.916000 16.418000 Misc 0.000000 0.000000 
Datos2b278664.txt 0.241281 55820.561995 15.916000 16.418000 Misc 0.000000 0.000000 
Datos2b278446.txt 0.926664 55820.561995 12.596000 12.821000 Misc 0.000000 0.000000 
Datos2b27823.txt 0.266755 55820.561995 13.716000 13.918000 Misc 0.000000 0.000000 
Datos2b278230.txt 0.665465 55820.561995 14.601000 14.983000 Misc 0.000000 0.000000 
Datos2b278711.txt 0.742515 55820.561995 15.221000 15.555000 Misc 0.000000 0.000000 
Datos2b278225.txt 0.855172 55820.561995 15.517000 16.061000 Misc 0.000000 0.000000 
Datos2b278224.txt 1.000000 55820.561995 15.517000 16.061000 Misc 0.000000 0.000000 
Datos2b27814.txt 0.476798 55820.561995 15.687000 16.315000 Misc 0.000000 0.000000 
Datos2b278723.txt 0.532189 55820.561995 15.564000 16.092000 Misc 0.000000 0.000000 
Datos2b27877.txt 0.332429 55820.561995 16.071000 16.715000 Misc 0.000000 0.000000 
Datos2b27812.txt 1.000000 55820.561995 16.036000 16.574000 Misc 0.000000 0.000000 
Datos2b278842.txt 1.000000 55820.561995 15.803000 16.490000 Misc 0.000000 0.000000 
Datos2b278653.txt 0.310897 55820.561995 16.046000 16.698000 Misc 0.000000 0.000000 
Datos2b278472.txt 0.371784 56507.495576 14.624000 14.989000 Misc 0.000000 0.000000 
Datos2b27813.txt 0.248650 55839.524416 14.567000 14.823000 Misc 0.000000 0.000000 
Datos2b278562.txt 1.137624 55820.561995 15.917000 16.434000 Misc 0.000000 0.000000 
Datos2b278549.txt 1.000000 55820.561995 15.917000 16.434000 Misc 0.000000 0.000000 
Datos2b278827.txt 0.651242 55820.561995 15.980000 16.584000 Misc 0.000000 0.000000 
Datos2b278596.txt 1.000000 55820.561995 15.944000 16.481000 Misc 0.000000 0.000000 
Datos2b278693.txt 1.000000 56507.495576 15.084000 15.590000 Misc 0.000000 0.000000 
Datos2b278613.txt 0.283074 55820.561995 15.663000 16.084000 Misc 0.000000 0.000000 
Datos2b278290.txt 1.000000 55820.561995 15.701000 16.179000 Misc 0.000000 0.000000 
Datos2b278667.txt 1.000000 55820.561995 14.272000 14.631000 Misc 0.000000 0.000000 
Datos2b278523.txt 0.368794 55820.561995 15.672000 16.146000 Misc 0.000000 0.000000 
Datos2b278223.txt 0.368794 55820.561995 15.672000 16.146000 Misc 0.000000 0.000000 
Datos2b278292.txt 0.316264 55820.561995 15.215000 15.697000 Misc 0.000000 0.000000 
Datos2b278288.txt 1.000000 55820.561995 12.073000 12.329000 Misc 0.000000 0.000000 
Datos2b278709.txt 0.232109 55820.561995 13.795000 14.073000 Misc 0.000000 0.000000 
Datos2b278578.txt 1.000000 55820.561995 13.795000 14.073000 Misc 0.000000 0.000000 
Datos2b278119.txt 0.231376 55820.561995 13.795000 14.073000 Misc 0.000000 0.000000 
Datos2b278277.txt 0.268349 55820.561995 12.592000 12.818000 Misc 0.000000 0.000000 
Datos2b27870.txt 0.536082 55820.561995 13.750000 13.970000 Misc 0.000000 0.000000 
Datos2b278504.txt 0.808020 55820.561995 13.750000 13.970000 Misc 0.000000 0.000000 
Datos2b278407.txt 0.742515 55820.561995 13.750000 13.970000 Misc 0.000000 0.000000 
Datos2b278491.txt 1.000000 55820.561995 15.854000 16.391000 Misc 0.000000 0.000000 
Datos2b278619.txt 0.994448 55820.561995 15.681000 16.199000 Misc 0.000000 0.000000 
Datos2b278338.txt 1.000000 55820.561995 15.681000 16.199000 Misc 0.000000 0.000000 
Datos2b278638.txt 0.994448 55820.561995 16.060000 16.842000 Misc 0.000000 0.000000 
Datos2b278766.txt 0.897051 55820.561995 15.914000 16.454000 Misc 0.000000 0.000000 
Datos2b278681.txt 0.249497 55820.561995 15.941000 16.511000 Misc 0.000000 0.000000 
Datos2b278341.txt 0.251208 55820.561995 15.941000 16.511000 Misc 0.000000 0.000000 
Datos2b278328.txt 0.447653 55820.561995 15.914000 16.503000 Misc 0.000000 0.000000 
Datos2b278564.txt 0.431824 55820.561995 15.826000 16.379000 Misc 0.000000 0.000000 
Datos2b27888.txt 0.354496 55820.561995 15.020000 15.340000 Misc 0.000000 0.000000 
Datos2b278795.txt 0.273185 55820.561995 16.191000 16.848000 Misc 0.000000 0.000000 
Datos2b27827.txt 1.000000 55820.561995 15.381000 15.849000 Misc 0.000000 0.000000 
Datos2b278702.txt 0.253818 55820.561995 15.488000 15.936000 Misc 0.000000 0.000000 
Datos2b278680.txt 0.209541 55820.561995 15.488000 15.936000 Misc 0.000000 0.000000 
Datos2b278478.txt 0.410323 55820.561995 15.488000 15.936000 Misc 0.000000 0.000000 
Datos2b278771.txt 0.471941 55820.561995 15.474000 15.931000 Misc 0.000000 0.000000 
Datos2b278151.txt 1.187915 55820.561995 13.881000 14.099000 Misc 0.000000 0.000000 
Datos2b278720.txt 0.447653 55820.561995 15.594000 16.040000 Misc 0.000000 0.000000 
Datos2b278774.txt 0.310897 55820.561995 14.959000 15.442000 Misc 0.000000 0.000000 
Datos2b2782.txt 1.300944 55820.561995 14.263000 14.614000 Misc 0.000000 0.000000 
Datos2b278823.txt 0.336710 55820.561995 13.008000 13.215000 Misc 0.000000 0.000000 
Datos2b278283.txt 0.304867 55820.561995 16.156000 16.774000 Misc 0.000000 0.000000 
Datos2b27825.txt 1.000000 55820.561995 15.078000 15.499000 Misc 0.000000 0.000000 
Datos2b278348.txt 1.000000 55820.561995 14.372000 14.729000 Misc 0.000000 0.000000 
Datos2b278651.txt 0.412382 55820.561995 14.464000 14.788000 Misc 0.000000 0.000000 
Datos2b278520.txt 0.520840 55820.561995 15.953000 16.549000 Misc 0.000000 0.000000 
Datos2b278798.txt 1.994423 55820.561995 15.979000 16.556000 Misc 0.000000 0.000000 
Datos2b278414.txt 0.335689 55820.561995 13.499000 13.723000 Misc 0.000000 0.000000 
Datos2b278219.txt 3.094050 55820.561995 13.499000 13.723000 Misc 0.000000 0.000000 
Datos2b27897.txt 1.000000 55820.561995 14.361000 14.652000 Misc 0.000000 0.000000 
Datos2b278150.txt 1.000000 55820.561995 12.745000 12.929000 Misc 0.000000 0.000000 
Datos2b27852.txt 1.505135 55820.561995 15.312000 15.738000 Misc 0.000000 0.000000 
Datos2b27871.txt 0.359741 55820.561995 15.307000 15.884000 Misc 0.000000 0.000000 
Datos2b278289.txt 0.333540 55820.561995 15.902000 16.696000 Misc 0.000000 0.000000 
Datos2b278686.txt 0.235088 55820.561995 13.954000 14.287000 Misc 0.000000 0.000000 
Datos2b278737.txt 0.499535 55820.561995 15.409000 15.902000 Misc 0.000000 0.000000 
Datos2b278568.txt 0.365531 55820.561995 15.558000 16.142000 Misc 0.000000 0.000000 
Datos2b278451.txt 1.051533 55820.561995 15.385000 15.838000 Misc 0.000000 0.000000 
Datos2b278144.txt 0.458867 55820.561995 15.483000 15.959000 Misc 0.000000 0.000000 
Datos2b278242.txt 0.356243 55820.561995 13.891000 14.191000 Misc 0.000000 0.000000 
Datos2b278254.txt 1.036656 55820.561995 15.876000 16.548000 Misc 0.000000 0.000000 
Datos2b278353.txt 0.288837 55820.561995 15.521000 16.058000 Misc 0.000000 0.000000 
Datos2b278192.txt 1.000000 55820.561995 15.481000 15.884000 Misc 0.000000 0.000000 
Datos2b278296.txt 1.474840 55820.561995 12.886000 13.106000 Misc 0.000000 0.000000 
Datos2b278188.txt 1.445740 55820.561995 12.886000 13.106000 Misc 0.000000 0.000000 
Datos2b278330.txt 0.578400 55820.561995 15.710000 16.165000 Misc 0.000000 0.000000 
Datos2b278459.txt 0.607156 56507.495576 15.783000 16.367000 Misc 0.000000 0.000000 
Datos2b278749.txt 0.421879 55820.561995 16.136000 16.820000 Misc 0.000000 0.000000 
Datos2b278400.txt 0.784160 55820.561995 15.892000 16.570000 Misc 0.000000 0.000000 
Datos2b278479.txt 1.000000 55820.561995 15.738000 16.256000 Misc 0.000000 0.000000 
Datos2b278682.txt 0.997445 55820.561995 15.850000 16.381000 Misc 0.000000 0.000000 
Datos2b278301.txt 1.000000 55820.561995 15.964000 16.620000 Misc 0.000000 0.000000 
Datos2b278390.txt 1.000000 55820.561995 13.180000 13.411000 Misc 0.000000 0.000000 
Datos2b278657.txt 1.000000 55820.561995 14.716000 14.898000 Misc 0.000000 0.000000 
Datos2b278218.txt 0.305708 55820.561995 14.728000 15.023000 Misc 0.000000 0.000000 
Datos2b278140.txt 0.306989 55820.561995 14.728000 15.023000 Misc 0.000000 0.000000 
Datos2b278782.txt 1.000000 55820.561995 13.195000 13.448000 Misc 0.000000 0.000000 
Datos2b278271.txt 0.306992 55820.561995 13.595000 13.831000 Misc 0.000000 0.000000 
Datos2b2787.txt 0.243689 55820.561995 15.470000 15.888000 Misc 0.000000 0.000000 
Datos2b278138.txt 2.646962 55820.561995 15.092000 15.445000 Misc 0.000000 0.000000 
Datos2b278443.txt 0.865271 55820.561995 15.412000 15.838000 Misc 0.000000 0.000000 
Datos2b278458.txt 1.022194 55820.561995 15.789000 16.364000 Misc 0.000000 0.000000 
Datos2b278198.txt 0.578400 55820.561995 15.638000 16.192000 Misc 0.000000 0.000000 
Datos2b278807.txt 0.273731 55820.561995 16.222000 16.995000 Misc 0.000000 0.000000 
Datos2b278805.txt 0.472914 55820.561995 13.257000 13.444000 Misc 0.000000 0.000000 
Datos2b278460.txt 1.000000 55820.561995 15.599000 16.224000 Misc 0.000000 0.000000 
Datos2b278647.txt 0.429294 55820.561995 15.021000 15.394000 Misc 0.000000 0.000000 
Datos2b278760.txt 1.000000 55820.561995 16.216000 16.881000 Misc 0.000000 0.000000 
Datos2b278439.txt 0.293146 55820.561995 16.216000 16.881000 Misc 0.000000 0.000000 
Datos2b278442.txt 0.868458 55820.561995 15.639000 16.222000 Misc 0.000000 0.000000 
Datos2b278461.txt 0.552244 55820.561995 15.886000 16.563000 Misc 0.000000 0.000000 
Datos2b278724.txt 0.447653 55820.561995 12.451000 12.652000 Misc 0.000000 0.000000 
Datos2b27865.txt 0.444935 55820.561995 12.451000 12.652000 Misc 0.000000 0.000000 
Datos2b278624.txt 0.376372 55820.561995 15.981000 16.630000 Misc 0.000000 0.000000 
Datos2b27893.txt 0.573870 55820.561995 15.487000 16.012000 Misc 0.000000 0.000000 
Datos2b278447.txt 0.341308 55820.561995 15.487000 16.012000 Misc 0.000000 0.000000 
Datos2b278370.txt 0.450405 55820.561995 15.988000 16.624000 Misc 0.000000 0.000000 
Datos2b278528.txt 0.442250 55820.561995 15.942000 16.591000 Misc 0.000000 0.000000 
Datos2b27861.txt 0.486275 55820.561995 15.806000 16.311000 Misc 0.000000 0.000000 
Datos2b278701.txt 0.309583 55820.561995 15.578000 16.075000 Misc 0.000000 0.000000 
Datos2b278173.txt 0.363309 55820.561995 15.047000 15.444000 Misc 0.000000 0.000000 
Datos2b278175.txt 0.222279 55820.561995 15.299000 15.685000 Misc 0.000000 0.000000 
Datos2b278131.txt 0.335065 55820.561995 15.480000 15.957000 Misc 0.000000 0.000000 
Datos2b278161.txt 0.520840 55820.561995 15.861000 16.406000 Misc 0.000000 0.000000 
Datos2b27890.txt 1.000000 55820.561995 15.977000 16.632000 Misc 0.000000 0.000000 
Datos2b278677.txt 0.262926 55820.561995 13.099000 13.338000 Misc 0.000000 0.000000 
Datos2b278591.txt 0.366952 55820.561995 15.739000 16.300000 Misc 0.000000 0.000000 
Datos2b278621.txt 0.671821 55820.561995 14.024000 14.734000 Misc 0.000000 0.000000 
Datos2b278200.txt 2.968692 55820.561995 15.419000 15.886000 Misc 0.000000 0.000000 
Datos2b27887.txt 0.535989 55820.561995 12.180000 12.339000 Misc 0.000000 0.000000 
Datos2b27860.txt 0.535998 55820.561995 12.180000 12.339000 Misc 0.000000 0.000000 
Datos2b278206.txt 0.365119 55820.561995 15.635000 16.287000 Misc 0.000000 0.000000 
Datos2b278149.txt 0.235579 55820.561995 15.319000 15.851000 Misc 0.000000 0.000000 
Datos2b278658.txt 1.000000 55820.561995 15.650000 16.211000 Misc 0.000000 0.000000 
Datos2b278820.txt 0.305449 55820.561995 15.332000 15.778000 Misc 0.000000 0.000000 
Datos2b278712.txt 1.132878 55820.561995 15.332000 15.778000 Misc 0.000000 0.000000 
Datos2b278291.txt 2.874437 55820.561995 15.010000 15.321000 Misc 0.000000 0.000000 
Datos2b278489.txt 0.301929 55820.561995 13.165000 13.377000 Misc 0.000000 0.000000 
Datos2b278788.txt 0.742515 55820.561995 15.140000 15.545000 Misc 0.000000 0.000000 
Datos2b278687.txt 0.373931 55820.561995 15.567000 16.039000 Misc 0.000000 0.000000 
Datos2b278602.txt 0.373929 55820.561995 15.567000 16.039000 Misc 0.000000 0.000000 
Datos2b278826.txt 0.532189 55820.561995 15.568000 16.128000 Misc 0.000000 0.000000 
Datos2b27837.txt 1.000000 55820.561995 16.007000 16.589000 Misc 0.000000 0.000000 
Datos2b278174.txt 1.000000 55820.561995 15.574000 16.048000 Misc 0.000000 0.000000 
Datos2b278815.txt 0.359486 55820.561995 14.649000 15.244000 Misc 0.000000 0.000000 
Datos2b278641.txt 0.261836 55820.561995 14.649000 15.244000 Misc 0.000000 0.000000 
Datos2b278779.txt 1.000000 55820.561995 15.984000 16.631000 Misc 0.000000 0.000000 
Datos2b278796.txt 1.536702 55820.561995 15.287000 15.669000 Misc 0.000000 0.000000 
Datos2b278742.txt 0.439596 55820.561995 16.135000 16.820000 Misc 0.000000 0.000000 
Datos2b278557.txt 1.000000 55820.561995 13.411000 13.775000 Misc 0.000000 0.000000 
Datos2b278718.txt 1.000000 55820.561995 15.934000 16.573000 Misc 0.000000 0.000000 
Datos2b278424.txt 1.218877 55820.561995 13.256000 13.482000 Misc 0.000000 0.000000 
Datos2b278706.txt 1.000000 55820.561995 15.849000 16.601000 Misc 0.000000 0.000000 
Datos2b278588.txt 2.417356 55820.561995 15.849000 16.601000 Misc 0.000000 0.000000 
Datos2b278337.txt 1.000000 55820.561995 15.600000 16.038000 Misc 0.000000 0.000000 
Datos2b278839.txt 1.000000 55820.561995 14.088000 14.334000 Misc 0.000000 0.000000 
Datos2b27885.txt 0.739085 55820.561995 15.198000 15.864000 Misc 0.000000 0.000000 
Datos2b278750.txt 0.374448 55820.561995 15.198000 15.864000 Misc 0.000000 0.000000 
Datos2b278213.txt 0.662012 55820.561995 15.872000 16.579000 Misc 0.000000 0.000000 
Datos2b278345.txt 1.818696 55820.561995 15.577000 16.078000 Misc 0.000000 0.000000 
Datos2b278170.txt 0.431824 55820.561995 15.577000 16.078000 Misc 0.000000 0.000000 
Datos2b278166.txt 1.315918 55820.561995 15.577000 16.078000 Misc 0.000000 0.000000 
Datos2b278488.txt 0.329673 55820.561995 15.901000 16.597000 Misc 0.000000 0.000000 
Datos2b27891.txt 0.424322 55820.561995 15.563000 15.964000 Misc 0.000000 0.000000 
Datos2b278332.txt 1.000000 55820.561995 15.430000 15.952000 Misc 0.000000 0.000000 
Datos2b278655.txt 0.356034 55820.561995 15.454000 15.913000 Misc 0.000000 0.000000 
Datos2b278452.txt 0.356243 55820.561995 15.454000 15.913000 Misc 0.000000 0.000000 
Datos2b278753.txt 0.686834 55820.561995 15.855000 16.348000 Misc 0.000000 0.000000 
Datos2b278244.txt 0.855172 55820.561995 15.645000 16.071000 Misc 0.000000 0.000000 
Datos2b278126.txt 0.241394 55820.561995 15.645000 16.071000 Misc 0.000000 0.000000 
Datos2b278265.txt 1.000000 55820.561995 13.307000 13.558000 Misc 0.000000 0.000000 
Datos2b278832.txt 0.305090 55820.561995 15.649000 16.223000 Misc 0.000000 0.000000 
Datos2b278803.txt 1.000000 55820.561995 14.710000 15.061000 Misc 0.000000 0.000000 
Datos2b278633.txt 1.000000 55820.561995 14.710000 15.061000 Misc 0.000000 0.000000 
Datos2b278247.txt 1.000000 55820.561995 14.710000 15.061000 Misc 0.000000 0.000000 
Datos2b278810.txt 1.000000 55820.561995 15.118000 15.511000 Misc 0.000000 0.000000 
Datos2b278834.txt 1.000000 55820.561995 12.834000 13.008000 Misc 0.000000 0.000000 
Datos2b278406.txt 0.253818 55820.561995 12.834000 13.008000 Misc 0.000000 0.000000 
Datos2b278372.txt 0.476782 55820.561995 14.618000 14.982000 Misc 0.000000 0.000000 
Datos2b278302.txt 0.260775 55820.561995 15.652000 16.113000 Misc 0.000000 0.000000 
Datos2b278713.txt 1.000000 55820.561995 15.853000 16.477000 Misc 0.000000 0.000000 
Datos2b278610.txt 1.000000 55820.561995 14.625000 14.885000 Misc 0.000000 0.000000 
Datos2b278241.txt 0.782145 55820.561995 14.625000 14.885000 Misc 0.000000 0.000000 
Datos2b278129.txt 0.267730 55820.561995 13.702000 14.069000 Misc 0.000000 0.000000 
Datos2b27872.txt 1.000000 55820.561995 15.627000 16.125000 Misc 0.000000 0.000000 
Datos2b278835.txt 1.000000 55820.561995 15.692000 16.198000 Misc 0.000000 0.000000 
Datos2b278382.txt 1.000000 55820.561995 12.004000 12.328000 Misc 0.000000 0.000000 
Datos2b278392.txt 1.769164 55820.561995 15.481000 15.919000 Misc 0.000000 0.000000 
Datos2b278359.txt 0.967902 55820.561995 15.481000 15.919000 Misc 0.000000 0.000000 
Datos2b278643.txt 1.658031 55820.561995 15.660000 16.374000 Misc 0.000000 0.000000 
Datos2b278847.txt 1.000000 55820.561995 12.618000 12.794000 Misc 0.000000 0.000000 
Datos2b278133.txt 1.000000 55820.561995 12.618000 12.794000 Misc 0.000000 0.000000 
Datos2b278625.txt 0.261053 55820.561995 14.978000 15.512000 Misc 0.000000 0.000000 
Datos2b278397.txt 0.340689 55820.561995 15.777000 16.240000 Misc 0.000000 0.000000 
Datos2b278577.txt 1.000000 55820.561995 14.143000 14.566000 Misc 0.000000 0.000000 
Datos2b278186.txt 1.000000 55820.561995 15.958000 16.383000 Misc 0.000000 0.000000 
Datos2b278843.txt 0.473700 55820.561995 15.374000 15.809000 Misc 0.000000 0.000000 
Datos2b278530.txt 1.000000 56507.495576 15.164000 15.580000 Misc 0.000000 0.000000 
Datos2b278203.txt 0.434384 55820.561995 15.662000 16.086000 Misc 0.000000 0.000000 
Datos2b278650.txt 0.410898 55820.561995 15.381000 15.870000 Misc 0.000000 0.000000 
Datos2b278516.txt 1.000000 55820.561995 15.531000 16.153000 Misc 0.000000 0.000000 
Datos2b278465.txt 1.000000 55820.561995 15.531000 16.153000 Misc 0.000000 0.000000 
Datos2b278334.txt 0.246144 55820.561995 15.531000 16.153000 Misc 0.000000 0.000000 
Datos2b278351.txt 0.548132 55839.524416 15.403000 15.962000 Misc 0.000000 0.000000 
Datos2b278581.txt 0.242209 55820.561995 15.797000 16.265000 Misc 0.000000 0.000000 
Datos2b278216.txt 0.286578 55820.561995 16.041000 16.597000 Misc 0.000000 0.000000 
Datos2b278605.txt 0.327576 55820.561995 15.430000 16.014000 Misc 0.000000 0.000000 
Datos2b278545.txt 0.338158 55820.561995 15.703000 16.306000 Misc 0.000000 0.000000 
Datos2b278238.txt 0.845307 55820.561995 12.627000 12.921000 Misc 0.000000 0.000000 
Datos2b278183.txt 0.384267 55820.561995 16.156000 16.772000 Misc 0.000000 0.000000 
Datos2b278572.txt 0.261887 55820.561995 15.794000 16.279000 Misc 0.000000 0.000000 
Datos2b278263.txt 0.261887 55820.561995 15.794000 16.279000 Misc 0.000000 0.000000 
Datos2b278821.txt 1.000000 55820.561995 13.199000 13.369000 Misc 0.000000 0.000000 
Datos2b278462.txt 1.000000 55820.561995 15.723000 16.219000 Misc 0.000000 0.000000 
Datos2b278374.txt 0.419464 55820.561995 15.723000 16.219000 Misc 0.000000 0.000000 
Datos2b27833.txt 0.366127 55820.561995 15.826000 16.568000 Misc 0.000000 0.000000 
Datos2b278777.txt 0.216347 55820.561995 15.496000 15.899000 Misc 0.000000 0.000000 
Datos2b278141.txt 0.335670 55820.561995 15.866000 16.431000 Misc 0.000000 0.000000 
Datos2b2786.txt 0.997301 55820.561995 13.014000 13.221000 Misc 0.000000 0.000000 
Datos2b278773.txt 0.225675 55820.561995 15.341000 15.737000 Misc 0.000000 0.000000 
Datos2b27869.txt 1.000000 55820.561995 15.322000 15.726000 Misc 0.000000 0.000000 
Datos2b278631.txt 0.506440 55820.561995 15.739000 16.171000 Misc 0.000000 0.000000 
Datos2b27875.txt 0.306062 55820.561995 14.661000 14.997000 Misc 0.000000 0.000000 
Datos2b27820.txt 0.226299 55820.561995 14.661000 14.997000 Misc 0.000000 0.000000 
Datos2b278385.txt 1.000000 55820.561995 15.725000 16.374000 Misc 0.000000 0.000000 
Datos2b27838.txt 0.751535 55820.561995 15.154000 15.488000 Misc 0.000000 0.000000 
Datos2b278256.txt 0.252743 55820.561995 12.489000 12.695000 Misc 0.000000 0.000000 
Datos2b278180.txt 0.279349 55820.561995 12.489000 12.695000 Misc 0.000000 0.000000 
Datos2b278493.txt 0.204283 55820.561995 15.842000 16.421000 Misc 0.000000 0.000000 
Datos2b278193.txt 0.427792 55820.561995 15.584000 16.204000 Misc 0.000000 0.000000 
Datos2b278258.txt 0.352641 55820.561995 15.440000 15.863000 Misc 0.000000 0.000000 
Datos2b278239.txt 1.000000 55820.561995 15.336000 15.747000 Misc 0.000000 0.000000 
Datos2b278626.txt 1.000000 55820.561995 16.103000 16.689000 Misc 0.000000 0.000000 
Datos2b278676.txt 1.757906 55820.561995 15.426000 15.928000 Misc 0.000000 0.000000 
Datos2b278318.txt 0.352947 55820.561995 14.896000 15.314000 Misc 0.000000 0.000000 
Datos2b278127.txt 0.757875 55820.561995 14.896000 15.314000 Misc 0.000000 0.000000 
Datos2b278168.txt 1.000000 55820.561995 15.781000 16.405000 Misc 0.000000 0.000000 
Datos2b278148.txt 1.000000 55820.561995 15.781000 16.405000 Misc 0.000000 0.000000 
Datos2b278800.txt 1.000000 55820.561995 15.455000 15.891000 Misc 0.000000 0.000000 
Datos2b278113.txt 0.742515 55820.561995 15.922000 16.549000 Misc 0.000000 0.000000 
Datos2b278663.txt 0.414716 55820.561995 12.539000 12.793000 Misc 0.000000 0.000000 
Datos2b278425.txt 0.410074 55820.561995 14.988000 15.353000 Misc 0.000000 0.000000 
Datos2b278607.txt 0.531382 55820.561995 13.681000 13.894000 Misc 0.000000 0.000000 
Datos2b278512.txt 0.265787 55820.561995 15.735000 16.274000 Misc 0.000000 0.000000 
Datos2b278770.txt 0.447653 55820.561995 15.047000 15.598000 Misc 0.000000 0.000000 
Datos2b278287.txt 1.846506 55820.561995 15.047000 15.598000 Misc 0.000000 0.000000 
Datos2b278801.txt 0.315434 55820.561995 15.901000 16.470000 Misc 0.000000 0.000000 
Datos2b278751.txt 0.269701 55820.561995 15.430000 15.894000 Misc 0.000000 0.000000 
Datos2b278746.txt 1.000166 55820.561995 13.925000 14.218000 Misc 0.000000 0.000000 
Datos2b278594.txt 1.000000 55820.561995 13.925000 14.218000 Misc 0.000000 0.000000 
Datos2b278759.txt 0.578400 55820.561995 15.452000 15.948000 Misc 0.000000 0.000000 
Datos2b278635.txt 1.300837 55820.561995 14.922000 15.175000 Misc 0.000000 0.000000 
Datos2b278393.txt 0.583002 55820.561995 14.922000 15.175000 Misc 0.000000 0.000000 
Datos2b278587.txt 1.000000 55820.561995 14.696000 14.908000 Misc 0.000000 0.000000 
Datos2b278169.txt 1.801117 55820.561995 14.696000 14.908000 Misc 0.000000 0.000000 
Datos2b278620.txt 0.513539 55820.561995 16.080000 16.647000 Misc 0.000000 0.000000 
Datos2b278300.txt 0.506440 55820.561995 16.080000 16.647000 Misc 0.000000 0.000000 
Datos2b278719.txt 0.524569 55820.561995 15.920000 16.488000 Misc 0.000000 0.000000 
Datos2b278828.txt 1.108621 55820.561995 15.183000 15.572000 Misc 0.000000 0.000000 
Datos2b278214.txt 1.000000 55820.561995 12.343000 12.625000 Misc 0.000000 0.000000 
Datos2b278363.txt 1.417766 55820.561995 13.449000 13.860000 Misc 0.000000 0.000000 
Datos2b278790.txt 1.000000 55820.561995 15.863000 16.561000 Misc 0.000000 0.000000 
Datos2b27847.txt 0.962505 55839.524416 13.658000 14.021000 Misc 0.000000 0.000000 
Datos2b278467.txt 0.782145 55820.561995 15.554000 16.699000 Misc 0.000000 0.000000 
Datos2b278604.txt 0.756566 55820.561995 15.966000 16.500000 Misc 0.000000 0.000000 
Datos2b278673.txt 0.484399 55820.561995 15.223000 15.646000 Misc 0.000000 0.000000 
Datos2b278383.txt 1.000000 55820.561995 15.275000 15.477000 Misc 0.000000 0.000000 
Datos2b278298.txt 0.968168 55820.561995 14.733000 14.869000 Misc 0.000000 0.000000 
Datos2b278844.txt 0.467653 55820.561995 16.066000 17.180000 Misc 0.000000 0.000000 
Datos2b2788.txt 0.461759 55820.561995 16.066000 17.180000 Misc 0.000000 0.000000 
Datos2b278343.txt 0.211722 55820.561995 15.780000 16.398000 Misc 0.000000 0.000000 
Datos2b278331.txt 1.569620 55820.561995 15.667000 16.283000 Misc 0.000000 0.000000 
Datos2b278282.txt 0.857106 55820.561995 16.003000 16.693000 Misc 0.000000 0.000000 
Datos2b278139.txt 1.000000 55820.561995 14.402000 14.808000 Misc 0.000000 0.000000 
Datos2b278540.txt 1.051533 55820.561995 15.448000 15.955000 Misc 0.000000 0.000000 
Datos2b278147.txt 0.513539 55820.561995 16.094000 16.584000 Misc 0.000000 0.000000 
Datos2b278231.txt 0.498850 55820.561995 15.374000 15.882000 Misc 0.000000 0.000000 
Datos2b278402.txt 0.216051 55820.561995 14.070000 15.023000 Misc 0.000000 0.000000 
Datos2b278436.txt 0.845307 55820.561995 15.587000 16.062000 Misc 0.000000 0.000000 
Datos2b278388.txt 1.000000 55820.561995 15.692000 16.926000 Misc 0.000000 0.000000 
Datos2b27864.txt 0.467653 55820.561995 12.527000 12.681000 Misc 0.000000 0.000000 
Datos2b278501.txt 0.420253 55820.561995 16.264000 16.945000 Misc 0.000000 0.000000 
Datos2b278434.txt 0.420262 55820.561995 16.264000 16.945000 Misc 0.000000 0.000000 
Datos2b278324.txt 0.333540 55820.561995 16.009000 16.544000 Misc 0.000000 0.000000 
Datos2b278848.txt 1.000000 55820.561995 14.680000 15.146000 Misc 0.000000 0.000000 
Datos2b27822.txt 1.536577 55820.561995 14.680000 15.146000 Misc 0.000000 0.000000 
Datos2b278267.txt 0.260126 55820.561995 12.272000 12.569000 Misc 0.000000 0.000000 
Datos2b278160.txt 0.565019 55820.561995 13.422000 13.586000 Misc 0.000000 0.000000 
Datos2b278255.txt 1.944511 55820.561995 15.607000 16.084000 Misc 0.000000 0.000000 
Datos2b278416.txt 4.554476 55820.561995 15.274000 15.691000 Misc 0.000000 0.000000 
Datos2b278281.txt 1.000000 55820.561995 15.274000 15.691000 Misc 0.000000 0.000000 
Datos2b278245.txt 0.396751 55820.561995 13.958000 14.306000 Misc 0.000000 0.000000 
Datos2b278123.txt 0.396751 55820.561995 13.958000 14.306000 Misc 0.000000 0.000000 
Datos2b278110.txt 0.886201 55820.561995 13.958000 14.306000 Misc 0.000000 0.000000 
Datos2b278600.txt 0.544043 55820.561995 15.156000 15.574000 Misc 0.000000 0.000000 
Datos2b278640.txt 3.214833 55820.561995 15.477000 16.059000 Misc 0.000000 0.000000 
Datos2b278548.txt 3.223149 55820.561995 15.477000 16.059000 Misc 0.000000 0.000000 
Datos2b278423.txt 2.968692 55820.561995 15.283000 15.643000 Misc 0.000000 0.000000 
Datos2b27866.txt 0.721390 55820.561995 15.215000 15.621000 Misc 0.000000 0.000000 
Datos2b278136.txt 0.808020 55820.561995 15.204000 15.553000 Misc 0.000000 0.000000 
Datos2b27810.txt 1.000000 55820.561995 14.886000 15.154000 Misc 0.000000 0.000000 
Datos2b278233.txt 1.516327 55820.561995 15.988000 16.640000 Misc 0.000000 0.000000 
Datos2b278167.txt 0.500939 55820.561995 15.969000 16.579000 Misc 0.000000 0.000000 
Datos2b278797.txt 0.483384 55820.561995 15.219000 15.608000 Misc 0.000000 0.000000 
Datos2b27886.txt 1.000000 55820.561995 15.227000 15.655000 Misc 0.000000 0.000000 
Datos2b278208.txt 0.908169 55820.561995 15.951000 16.521000 Misc 0.000000 0.000000 
Datos2b278519.txt 0.421879 55820.561995 15.507000 16.096000 Misc 0.000000 0.000000 
Datos2b278415.txt 0.306194 55820.561995 15.548000 16.044000 Misc 0.000000 0.000000 
Datos2b278411.txt 0.865271 55820.561995 11.999000 12.247000 Misc 0.000000 0.000000 
Datos2b278533.txt 0.324673 55820.561995 13.094000 13.262000 Misc 0.000000 0.000000 
Datos2b278349.txt 0.577437 55820.561995 15.075000 15.451000 Misc 0.000000 0.000000 
Datos2b278100.txt 0.371085 55820.561995 15.672000 16.343000 Misc 0.000000 0.000000 
Datos2b2780.txt 0.757875 55820.561995 14.982000 15.414000 Misc 0.000000 0.000000 
Datos2b278429.txt 0.390409 55820.561995 15.856000 16.543000 Misc 0.000000 0.000000 
Datos2b278550.txt 1.270292 55820.561995 14.908000 15.170000 Misc 0.000000 0.000000 
Datos2b278486.txt 1.127304 55820.561995 14.786000 15.148000 Misc 0.000000 0.000000 
Datos2b278606.txt 1.997554 56507.495576 13.904000 14.145000 Misc 0.000000 0.000000 
Datos2b278537.txt 1.417449 55820.561995 15.412000 15.898000 Misc 0.000000 0.000000 
Datos2b278162.txt 0.480356 55820.561995 15.572000 16.079000 Misc 0.000000 0.000000 
Datos2b27811.txt 0.447133 55820.561995 15.572000 16.079000 Misc 0.000000 0.000000 
Datos2b278310.txt 1.000000 55820.561995 14.842000 15.134000 Misc 0.000000 0.000000 
Datos2b278125.txt 2.746167 55820.561995 15.890000 16.336000 Misc 0.000000 0.000000 
Datos2b278726.txt 0.627970 56507.495576 15.593000 16.294000 Misc 0.000000 0.000000 
Datos2b27858.txt 0.601960 55820.561995 15.696000 16.202000 Misc 0.000000 0.000000 
Datos2b278697.txt 1.000000 55820.561995 12.446000 12.607000 Misc 0.000000 0.000000 
Datos2b278386.txt 1.000000 55820.561995 12.446000 12.607000 Misc 0.000000 0.000000 
Datos2b278274.txt 0.351122 55820.561995 15.997000 16.646000 Misc 0.000000 0.000000 
Datos2b278137.txt 0.247809 55820.561995 16.005000 16.858000 Misc 0.000000 0.000000 
Datos2b278740.txt 1.000000 55820.561995 14.092000 14.173000 Misc 0.000000 0.000000 
Datos2b278309.txt 1.000000 55820.561995 14.092000 14.173000 Misc 0.000000 0.000000 
Datos2b278165.txt 0.300690 55820.561995 15.439000 15.786000 Misc 0.000000 0.000000 
Datos2b278539.txt 0.509965 55820.561995 13.276000 13.588000 Misc 0.000000 0.000000 
Datos2b278117.txt 0.501641 55820.561995 13.276000 13.588000 Misc 0.000000 0.000000 
Datos2b278237.txt 0.536082 55820.561995 15.349000 15.747000 Misc 0.000000 0.000000 
Datos2b278158.txt 0.706708 55820.561995 15.992000 16.777000 Misc 0.000000 0.000000 
Datos2b278357.txt 1.000000 55820.561995 13.331000 13.490000 Misc 0.000000 0.000000 
Datos2b278179.txt 1.300902 55820.561995 14.910000 15.204000 Misc 0.000000 0.000000 
Datos2b278703.txt 0.706708 55820.561995 15.437000 16.200000 Misc 0.000000 0.000000 
Datos2b278240.txt 0.206104 55820.561995 15.573000 16.004000 Misc 0.000000 0.000000 
Datos2b278696.txt 0.282163 55820.561995 16.128000 16.812000 Misc 0.000000 0.000000 
Datos2b278665.txt 0.713590 55820.561995 15.873000 16.460000 Misc 0.000000 0.000000 
Datos2b278632.txt 1.000000 55820.561995 15.319000 15.690000 Misc 0.000000 0.000000 
Datos2b27832.txt 0.547221 55820.561995 14.997000 15.352000 Misc 0.000000 0.000000 
Datos2b278855.txt 0.317635 55820.561995 15.750000 16.199000 Misc 0.000000 0.000000 
Datos2b278199.txt 0.765796 55820.561995 14.751000 15.084000 Misc 0.000000 0.000000 
Datos2b278132.txt 0.750116 55820.561995 15.553000 16.077000 Misc 0.000000 0.000000 
Datos2b278708.txt 1.000000 55820.561995 15.786000 16.340000 Misc 0.000000 0.000000 
Datos2b278487.txt 1.000000 55820.561995 14.547000 14.789000 Misc 0.000000 0.000000 
Datos2b278172.txt 0.468521 55820.561995 15.099000 15.462000 Misc 0.000000 0.000000 
Datos2b278398.txt 0.592429 55820.561995 15.329000 15.609000 Misc 0.000000 0.000000 
Datos2b278531.txt 1.000000 55820.561995 12.283000 12.371000 Misc 0.000000 0.000000 
Datos2b278729.txt 1.248644 55820.561995 16.031000 16.785000 Misc 0.000000 0.000000 
Datos2b27843.txt 1.000000 55820.561995 16.031000 16.785000 Misc 0.000000 0.000000 
Datos2b278305.txt 1.474840 55820.561995 16.204000 16.839000 Misc 0.000000 0.000000 
Datos2b278270.txt 1.417766 55820.561995 16.204000 16.839000 Misc 0.000000 0.000000 
Datos2b278854.txt 0.540788 55820.561995 15.157000 15.556000 Misc 0.000000 0.000000 
Datos2b278498.txt 1.000000 55820.561995 15.477000 15.865000 Misc 0.000000 0.000000 
Datos2b278589.txt 0.257720 55820.561995 15.806000 16.552000 Misc 0.000000 0.000000 
Datos2b27876.txt 1.000000 55820.561995 15.450000 16.088000 Misc 0.000000 0.000000 
Datos2b278652.txt 1.000000 55820.561995 15.988000 16.641000 Misc 0.000000 0.000000 
Datos2b27857.txt 1.000000 55820.561995 15.532000 16.143000 Misc 0.000000 0.000000 
Datos2b278266.txt 1.000000 55820.561995 15.532000 16.143000 Misc 0.000000 0.000000 
Datos2b27883.txt 1.000000 55820.561995 14.212000 14.577000 Misc 0.000000 0.000000 
Datos2b27898.txt 1.000000 55820.561995 15.676000 16.170000 Misc 0.000000 0.000000 
Datos2b278232.txt 1.000000 55820.561995 14.814000 15.016000 Misc 0.000000 0.000000 
Datos2b27862.txt 0.742515 55820.561995 12.138000 12.335000 Misc 0.000000 0.000000 
Datos2b27895.txt 1.000000 55820.561995 15.634000 16.111000 Misc 0.000000 0.000000 
Datos2b27867.txt 0.750116 55820.561995 16.102000 16.760000 Misc 0.000000 0.000000 
Datos2b278315.txt 0.831324 55820.561995 16.102000 16.760000 Misc 0.000000 0.000000 
Datos2b278471.txt 0.968168 55820.561995 15.016000 15.216000 Misc 0.000000 0.000000 
Datos2b278130.txt 0.536082 55820.561995 15.665000 16.238000 Misc 0.000000 0.000000 
Datos2b278347.txt 4.554550 55820.561995 15.389000 15.818000 Misc 0.000000 0.000000 
Datos2b278496.txt 1.339983 55820.561995 15.189000 15.599000 Misc 0.000000 0.000000 
Datos2b278662.txt 1.000000 55820.561995 13.220000 13.402000 Misc 0.000000 0.000000 
Datos2b27851.txt 1.603980 55820.561995 13.220000 13.402000 Misc 0.000000 0.000000 
Datos2b278668.txt 0.536009 55820.561995 15.232000 15.639000 Misc 0.000000 0.000000 
Datos2b27834.txt 0.536007 55820.561995 15.232000 15.639000 Misc 0.000000 0.000000 
Datos2b278483.txt 1.000000 55820.561995 16.160000 16.697000 Misc 0.000000 0.000000 
Datos2b278313.txt 1.000000 55820.561995 16.160000 16.697000 Misc 0.000000 0.000000 
Datos2b278755.txt 0.409130 55820.561995 13.487000 13.813000 Misc 0.000000 0.000000 
Datos2b278544.txt 0.260777 55820.561995 15.445000 15.844000 Misc 0.000000 0.000000 
Datos2b278410.txt 0.260778 55820.561995 15.445000 15.844000 Misc 0.000000 0.000000 
Datos2b278700.txt 0.295008 55820.561995 15.045000 15.416000 Misc 0.000000 0.000000 
Datos2b278567.txt 1.000000 55820.561995 12.982000 13.052000 Misc 0.000000 0.000000 
Datos2b278403.txt 1.000000 55820.561995 15.556000 16.013000 Misc 0.000000 0.000000 
Datos2b278510.txt 1.000000 55820.561995 16.102000 16.735000 Misc 0.000000 0.000000 
Datos2b278364.txt 1.000000 55820.561995 16.032000 16.686000 Misc 0.000000 0.000000 
Datos2b27873.txt 1.000000 55820.561995 13.224000 13.426000 Misc 0.000000 0.000000 
Datos2b278806.txt 1.000000 55820.561995 16.064000 16.643000 Misc 0.000000 0.000000 
Datos2b278630.txt 1.846506 55820.561995 15.482000 15.980000 Misc 0.000000 0.000000 
Datos2b278576.txt 7.976789 55820.561995 15.501000 16.014000 Misc 0.000000 0.000000 
Datos2b278558.txt 4.392371 55820.561995 15.501000 16.014000 Misc 0.000000 0.000000 
Datos2b278196.txt 0.498980 55820.561995 15.568000 16.074000 Misc 0.000000 0.000000 
Datos2b278234.txt 1.000000 55820.561995 15.284000 15.706000 Misc 0.000000 0.000000 
Datos2b278163.txt 1.000000 55820.561995 15.284000 15.706000 Misc 0.000000 0.000000 
Datos2b278733.txt 0.581112 55820.561995 12.757000 12.926000 Misc 0.000000 0.000000 
Datos2b278838.txt 2.797310 55820.561995 15.314000 15.724000 Misc 0.000000 0.000000 
Datos2b278243.txt 1.000000 55820.561995 13.816000 14.159000 Misc 0.000000 0.000000 
Datos2b27817.txt 0.467653 55820.561995 16.036000 16.935000 Misc 0.000000 0.000000 
Datos2b278698.txt 0.583002 55820.561995 12.685000 12.896000 Misc 0.000000 0.000000 
Datos2b278104.txt 0.388340 55820.561995 15.780000 16.313000 Misc 0.000000 0.000000 
Datos2b278691.txt 1.625470 55820.561995 15.131000 15.556000 Misc 0.000000 0.000000 
Datos2b278187.txt 1.000000 55820.561995 15.052000 15.350000 Misc 0.000000 0.000000 
Datos2b278734.txt 0.376375 55820.561995 15.154000 15.488000 Misc 0.000000 0.000000 
Datos2b278387.txt 0.551296 55839.524416 15.077000 15.419000 Misc 0.000000 0.000000 
Datos2b278721.txt 0.790584 55820.561995 15.506000 15.936000 Misc 0.000000 0.000000 
Datos2b278717.txt 0.564100 55820.561995 13.430000 13.656000 Misc 0.000000 0.000000 
Datos2b278304.txt 1.000000 55820.561995 15.464000 16.035000 Misc 0.000000 0.000000 
Datos2b278506.txt 1.008191 55820.561995 16.133000 16.785000 Misc 0.000000 0.000000 
Datos2b278323.txt 0.866013 55820.561995 15.279000 15.724000 Misc 0.000000 0.000000 
Datos2b278846.txt 1.039877 55820.561995 15.905000 16.401000 Misc 0.000000 0.000000 
Datos2b278574.txt 0.499535 55820.561995 15.894000 16.506000 Misc 0.000000 0.000000 
Datos2b278228.txt 0.751524 55820.561995 15.587000 16.069000 Misc 0.000000 0.000000 
Datos2b278217.txt 3.020459 55820.561995 15.085000 15.460000 Misc 0.000000 0.000000 
Datos2b278809.txt 0.352686 55820.561995 15.268000 15.671000 Misc 0.000000 0.000000 
Datos2b278764.txt 0.799207 55820.561995 15.268000 15.671000 Misc 0.000000 0.000000 
Datos2b278159.txt 0.227074 55820.561995 15.268000 15.671000 Misc 0.000000 0.000000 
Datos2b278547.txt 0.458867 55820.561995 15.472000 15.945000 Misc 0.000000 0.000000 
Datos2b278346.txt 0.330531 55820.561995 15.472000 15.945000 Misc 0.000000 0.000000 
Datos2b278261.txt 0.581042 55820.561995 14.472000 14.732000 Misc 0.000000 0.000000 
Datos2b278322.txt 1.000000 55820.561995 15.145000 15.505000 Misc 0.000000 0.000000 
Datos2b278299.txt 0.234336 55820.561995 15.762000 16.374000 Misc 0.000000 0.000000 
Datos2b278220.txt 0.242078 55820.561995 15.704000 16.314000 Misc 0.000000 0.000000 
Datos2b278114.txt 0.502964 55820.561995 15.420000 15.855000 Misc 0.000000 0.000000 
Datos2b278401.txt 0.592429 55820.561995 15.476000 15.770000 Misc 0.000000 0.000000 
Datos2b278295.txt 0.536003 55820.561995 15.468000 15.954000 Misc 0.000000 0.000000 
Datos2b278204.txt 0.622634 55820.561995 15.456000 15.895000 Misc 0.000000 0.000000 
Datos2b278358.txt 0.548113 55820.561995 12.621000 12.909000 Misc 0.000000 0.000000 
Datos2b278438.txt 0.535320 55820.561995 15.645000 16.192000 Misc 0.000000 0.000000 
Datos2b278683.txt 0.352954 55820.561995 15.075000 15.444000 Misc 0.000000 0.000000 
Datos2b278303.txt 1.000000 55820.561995 15.867000 16.465000 Misc 0.000000 0.000000 
Datos2b278210.txt 0.306989 55820.561995 15.867000 16.465000 Misc 0.000000 0.000000 
Datos2b278627.txt 0.506440 55820.561995 14.011000 14.151000 Misc 0.000000 0.000000 
Datos2b278184.txt 0.234639 55820.561995 15.610000 16.084000 Misc 0.000000 0.000000 
Datos2b27884.txt 0.535992 55820.561995 15.329000 15.770000 Misc 0.000000 0.000000 
Datos2b278765.txt 0.536006 55820.561995 15.329000 15.770000 Misc 0.000000 0.000000 
Datos2b278573.txt 1.000000 55820.561995 15.976000 16.516000 Misc 0.000000 0.000000 
Datos2b27826.txt 1.000000 55820.561995 15.976000 16.516000 Misc 0.000000 0.000000 
Datos2b278586.txt 0.307534 55820.561995 15.499000 16.011000 Misc 0.000000 0.000000 
Datos2b278525.txt 0.306989 55820.561995 15.499000 16.011000 Misc 0.000000 0.000000 
Datos2b278339.txt 0.751520 55820.561995 15.116000 15.475000 Misc 0.000000 0.000000 
Datos2b278793.txt 1.417766 55820.561995 15.462000 15.970000 Misc 0.000000 0.000000 
Datos2b278409.txt 2.866083 55820.561995 13.333000 13.448000 Misc 0.000000 0.000000 
Datos2b278361.txt 1.000000 55820.561995 15.333000 15.788000 Misc 0.000000 0.000000 
Datos2b2783.txt 1.000000 55820.561995 12.952000 13.119000 Misc 0.000000 0.000000 
Datos2b278674.txt 0.372126 55820.561995 15.120000 15.559000 Misc 0.000000 0.000000 
Datos2b278781.txt 1.132818 55820.561995 14.742000 15.018000 Misc 0.000000 0.000000 
Datos2b278841.txt 1.516040 55820.561995 15.689000 16.166000 Misc 0.000000 0.000000 
Datos2b278561.txt 0.592429 55820.561995 15.000000 15.510000 Misc 0.000000 0.000000 
Datos2b27868.txt 0.284808 55820.561995 15.752000 16.330000 Misc 0.000000 0.000000 
Datos2b278623.txt 0.581120 55820.561995 15.047000 15.366000 Misc 0.000000 0.000000 
Datos2b27853.txt 1.000000 55820.561995 15.264000 15.630000 Misc 0.000000 0.000000 
Datos2b278276.txt 1.000000 55820.561995 15.264000 15.630000 Misc 0.000000 0.000000 
Datos2b278413.txt 0.232847 55820.561995 16.246000 16.874000 Misc 0.000000 0.000000 
Datos2b278762.txt 1.000000 55820.561995 15.219000 15.452000 Misc 0.000000 0.000000 
Datos2b278118.txt 0.447653 55820.561995 15.219000 15.452000 Misc 0.000000 0.000000 
Datos2b278679.txt 1.000000 55820.561995 16.109000 16.874000 Misc 0.000000 0.000000 
Datos2b278536.txt 1.000000 55820.561995 15.895000 16.481000 Misc 0.000000 0.000000 
Datos2b278435.txt 1.000000 55820.561995 15.413000 15.886000 Misc 0.000000 0.000000 
Datos2b278445.txt 0.486275 55820.561995 15.545000 15.984000 Misc 0.000000 0.000000 
Datos2b278684.txt 1.000000 55820.561995 15.861000 16.486000 Misc 0.000000 0.000000 
Datos2b278121.txt 1.000000 55820.561995 15.779000 16.307000 Misc 0.000000 0.000000 
Datos2b278248.txt 0.293464 55820.561995 15.067000 15.207000 Misc 0.000000 0.000000 
Datos2b278579.txt 0.412382 55820.561995 12.896000 12.980000 Misc 0.000000 0.000000 
Datos2b278763.txt 1.000000 55820.561995 15.217000 15.708000 Misc 0.000000 0.000000 
Datos2b278617.txt 1.066843 55820.561995 15.833000 16.370000 Misc 0.000000 0.000000 
Datos2b27828.txt 0.582974 55820.561995 15.059000 15.363000 Misc 0.000000 0.000000 
Datos2b278350.txt 0.713590 55820.561995 15.354000 15.530000 Misc 0.000000 0.000000 
Datos2b278730.txt 0.470657 55820.561995 15.032000 15.513000 Misc 0.000000 0.000000 
Datos2b278221.txt 0.773884 55820.561995 13.014000 13.181000 Misc 0.000000 0.000000 
Datos2b278463.txt 0.277883 55820.561995 14.664000 15.051000 Misc 0.000000 0.000000 
Datos2b278837.txt 1.000000 55820.561995 15.003000 15.351000 Misc 0.000000 0.000000 
Datos2b278344.txt 0.720608 55820.561995 15.940000 16.559000 Misc 0.000000 0.000000 
Datos2b278603.txt 0.277315 55820.561995 15.832000 16.552000 Misc 0.000000 0.000000 
Datos2b278791.txt 1.000000 55820.561995 15.718000 16.289000 Misc 0.000000 0.000000 
Datos2b278639.txt 1.000000 55820.561995 15.267000 16.077000 Misc 0.000000 0.000000 
Datos2b278259.txt 0.513539 55820.561995 13.111000 13.236000 Misc 0.000000 0.000000 
Datos2b278524.txt 1.000000 55820.561995 15.130000 15.529000 Misc 0.000000 0.000000 
Datos2b278449.txt 0.908169 55820.561995 15.679000 16.199000 Misc 0.000000 0.000000 
Datos2b278612.txt 0.499535 55820.561995 14.084000 14.323000 Misc 0.000000 0.000000 
Datos2b278529.txt 0.581442 55820.561995 12.906000 12.989000 Misc 0.000000 0.000000 
Datos2b278560.txt 1.000000 55820.561995 15.172000 15.508000 Misc 0.000000 0.000000 
Datos2b278279.txt 0.727765 55820.561995 15.172000 15.508000 Misc 0.000000 0.000000 
Datos2b278849.txt 1.000000 55820.561995 14.838000 15.121000 Misc 0.000000 0.000000 
Datos2b278727.txt 0.627970 55820.561995 14.963000 15.128000 Misc 0.000000 0.000000 
Datos2b278738.txt 1.000000 55820.561995 15.758000 16.309000 Misc 0.000000 0.000000 
Datos2b278311.txt 0.442250 55820.561995 15.758000 16.309000 Misc 0.000000 0.000000 
Datos2b278699.txt 0.278941 55820.561995 15.302000 15.760000 Misc 0.000000 0.000000 
Datos2b278851.txt 1.000000 55820.561995 14.143000 14.434000 Misc 0.000000 0.000000 
Datos2b278115.txt 1.000000 55820.561995 14.143000 14.434000 Misc 0.000000 0.000000 
Datos2b278284.txt 0.363309 55820.561995 15.293000 15.740000 Misc 0.000000 0.000000 
Datos2b278307.txt 10.965986 55820.561995 15.520000 15.866000 Misc 0.000000 0.000000 
Datos2b278181.txt 0.565019 55820.561995 15.520000 15.866000 Misc 0.000000 0.000000 
Datos2b278253.txt 0.581500 55820.561995 13.087000 13.247000 Misc 0.000000 0.000000 
Datos2b278714.txt 1.000000 55820.561995 14.758000 15.056000 Misc 0.000000 0.000000 
Datos2b278661.txt 1.248644 55820.561995 14.842000 15.114000 Misc 0.000000 0.000000 
Datos2b2784.txt 1.168963 55820.561995 14.842000 15.114000 Misc 0.000000 0.000000 
Datos2b278785.txt 0.234262 55820.561995 15.218000 15.636000 Misc 0.000000 0.000000 
Datos2b278526.txt 1.000000 55820.561995 14.665000 14.788000 Misc 0.000000 0.000000 
Datos2b278521.txt 1.000000 55820.561995 14.665000 14.788000 Misc 0.000000 0.000000 
Datos2b278428.txt 0.314143 55820.561995 15.770000 16.343000 Misc 0.000000 0.000000 
Datos2b278518.txt 1.000000 55820.561995 15.621000 16.083000 Misc 0.000000 0.000000 
Datos2b278336.txt 0.751524 55820.561995 15.082000 15.387000 Misc 0.000000 0.000000 
Datos2b278249.txt 1.000000 55820.561995 15.524000 16.169000 Misc 0.000000 0.000000 
Datos2b278768.txt 0.497440 55820.561995 15.083000 15.458000 Misc 0.000000 0.000000 
Datos2b278833.txt 2.646962 55820.561995 15.276000 15.670000 Misc 0.000000 0.000000 
Datos2b278543.txt 0.314905 55820.561995 15.309000 15.678000 Misc 0.000000 0.000000 
Datos2b278236.txt 0.612229 55820.561995 15.642000 16.263000 Misc 0.000000 0.000000 
Datos2b27874.txt 0.581441 55820.561995 14.875000 15.109000 Misc 0.000000 0.000000 
Datos2b278645.txt 1.000000 55820.561995 15.790000 16.312000 Misc 0.000000 0.000000 
Datos2b278152.txt 0.314905 55820.561995 15.361000 15.808000 Misc 0.000000 0.000000 
Datos2b278164.txt 1.000000 55820.561995 14.022000 14.242000 Misc 0.000000 0.000000 
Datos2b278475.txt 0.552244 55820.561995 15.586000 16.050000 Misc 0.000000 0.000000 
Datos2b278108.txt 0.234336 55820.561995 15.586000 16.050000 Misc 0.000000 0.000000 
Datos2b2785.txt 1.000000 55820.561995 15.710000 16.301000 Misc 0.000000 0.000000 
Datos2b278189.txt 1.000000 55820.561995 15.710000 16.301000 Misc 0.000000 0.000000 
Datos2b278689.txt 0.826243 55820.561995 15.721000 16.186000 Misc 0.000000 0.000000 
Datos2b278660.txt 1.187915 55820.561995 15.323000 15.721000 Misc 0.000000 0.000000 
Datos2b278769.txt 2.112713 55820.561995 13.626000 13.938000 Misc 0.000000 0.000000 
Datos2b278389.txt 1.300834 55820.561995 15.003000 15.297000 Misc 0.000000 0.000000 
Datos2b27880.txt 0.751523 55820.561995 15.175000 15.508000 Misc 0.000000 0.000000 
Datos2b278176.txt 0.635621 55820.561995 15.916000 16.515000 Misc 0.000000 0.000000 
Datos2b278636.txt 1.000000 55820.561995 12.571000 13.072000 Misc 0.000000 0.000000 
Datos2b278505.txt 0.419464 55820.561995 15.715000 16.193000 Misc 0.000000 0.000000 
Datos2b278418.txt 0.439596 55820.561995 15.715000 16.193000 Misc 0.000000 0.000000 
Datos2b278157.txt 1.000000 55820.561995 15.096000 15.528000 Misc 0.000000 0.000000 
Datos2b278756.txt 0.453191 55820.561995 14.915000 15.093000 Misc 0.000000 0.000000 
Datos2b278377.txt 0.453191 55820.561995 14.915000 15.093000 Misc 0.000000 0.000000 
Datos2b278431.txt 0.250175 55820.561995 12.877000 13.024000 Misc 0.000000 0.000000 
Datos2b278831.txt 0.214350 55820.561995 15.558000 16.413000 Misc 0.000000 0.000000 
Datos2b278171.txt 1.000000 55820.561995 15.527000 16.043000 Misc 0.000000 0.000000 
Datos2b278618.txt 1.300816 55820.561995 15.237000 15.614000 Misc 0.000000 0.000000 
Datos2b278830.txt 0.714995 55820.561995 15.136000 15.700000 Misc 0.000000 0.000000 
Datos2b278457.txt 4.554525 55820.561995 15.859000 16.374000 Misc 0.000000 0.000000 
Datos2b278222.txt 4.554876 55820.561995 15.859000 16.374000 Misc 0.000000 0.000000 
Datos2b278143.txt 0.499535 55820.561995 14.258000 14.316000 Misc 0.000000 0.000000 
Datos2b278378.txt 0.707754 55820.561995 15.928000 16.532000 Misc 0.000000 0.000000 
Datos2b278566.txt 1.000000 55820.561995 14.594000 14.809000 Misc 0.000000 0.000000 
Datos2b278420.txt 1.516016 55820.561995 15.904000 16.412000 Misc 0.000000 0.000000 
Datos2b278212.txt 1.000000 55820.561995 13.091000 13.205000 Misc 0.000000 0.000000 
Datos2b278405.txt 0.999590 55820.561995 13.901000 14.051000 Misc 0.000000 0.000000 
Datos2b278103.txt 1.000000 55820.561995 13.902000 14.054000 Misc 0.000000 0.000000 
Datos2b278227.txt 0.461759 55839.524416 13.759000 13.832000 Misc 0.000000 0.000000 
Datos2b278201.txt 1.000000 55839.524416 13.759000 13.832000 Misc 0.000000 0.000000 
Datos2b27899.txt 0.595939 55820.561995 15.815000 16.396000 Misc 0.000000 0.000000 
Datos2b278264.txt 1.000000 55820.561995 15.815000 16.396000 Misc 0.000000 0.000000 
Datos2b278134.txt 1.000000 55820.561995 14.731000 14.904000 Misc 0.000000 0.000000 
Datos2b278355.txt 1.000000 55820.561995 15.102000 15.317000 Misc 0.000000 0.000000 
Datos2b278571.txt 0.339726 55820.561995 15.914000 16.480000 Misc 0.000000 0.000000 
Datos2b278260.txt 1.000000 55820.561995 14.523000 14.621000 Misc 0.000000 0.000000 
Datos2b278593.txt 1.000000 55820.561995 13.280000 13.393000 Misc 0.000000 0.000000 
Datos2b27894.txt 0.244504 55820.561995 15.019000 15.330000 Misc 0.000000 0.000000 
Datos2b27816.txt 0.524569 55820.561995 15.690000 16.262000 Misc 0.000000 0.000000 
Datos2b278563.txt 1.000000 55820.561995 15.531000 15.973000 Misc 0.000000 0.000000 
Datos2b278716.txt 0.750116 55820.561995 15.701000 16.232000 Misc 0.000000 0.000000 
Datos2b278321.txt 0.414716 55820.561995 15.701000 16.232000 Misc 0.000000 0.000000 
Datos2b278319.txt 1.000000 55820.561995 14.577000 14.689000 Misc 0.000000 0.000000 
Datos2b278272.txt 0.458867 55820.561995 12.835000 12.926000 Misc 0.000000 0.000000 
Datos2b278430.txt 1.000000 55820.561995 14.315000 14.389000 Misc 0.000000 0.000000 
Datos2b278444.txt 0.201878 55820.561995 16.055000 16.621000 Misc 0.000000 0.000000 
Datos2b278637.txt 0.228499 55820.561995 15.621000 16.488000 Misc 0.000000 0.000000 
Datos2b278853.txt 0.439596 55820.561995 16.020000 16.615000 Misc 0.000000 0.000000 
Datos2b278824.txt 0.677146 55820.561995 16.020000 16.615000 Misc 0.000000 0.000000 
Datos2b278551.txt 0.782145 55820.561995 16.020000 16.615000 Misc 0.000000 0.000000 
Datos2b278747.txt 0.727765 55820.561995 15.877000 16.472000 Misc 0.000000 0.000000 
Datos2b278308.txt 1.000000 55820.561995 15.455000 15.938000 Misc 0.000000 0.000000 
Datos2b278464.txt 1.000000 55820.561995 15.172000 15.561000 Misc 0.000000 0.000000 
Datos2b27815.txt 1.000000 55820.561995 14.785000 15.219000 Misc 0.000000 0.000000 
Datos2b278399.txt 0.301929 55820.561995 15.082000 15.496000 Misc 0.000000 0.000000 
Datos2b278327.txt 0.616272 55820.561995 15.799000 16.274000 Misc 0.000000 0.000000 
Datos2b278433.txt 1.000000 55820.561995 14.798000 15.087000 Misc 0.000000 0.000000 
Datos2b278156.txt 0.365119 55820.561995 14.991000 15.364000 Misc 0.000000 0.000000 
Datos2b278541.txt 0.680456 55820.561995 15.634000 16.353000 Misc 0.000000 0.000000 
Datos2b278314.txt 0.346146 55820.561995 15.634000 16.353000 Misc 0.000000 0.000000 
Datos2b278852.txt 0.845307 55820.561995 16.054000 16.701000 Misc 0.000000 0.000000 
Datos2b278725.txt 0.473700 55820.561995 16.054000 16.701000 Misc 0.000000 0.000000 
Datos2b278312.txt 0.845307 55820.561995 16.054000 16.701000 Misc 0.000000 0.000000 
Datos2b278608.txt 1.092251 55820.561995 15.871000 16.987000 Misc 0.000000 0.000000 
Datos2b278375.txt 1.000000 55820.561995 12.195000 12.439000 Misc 0.000000 0.000000 
Datos2b278500.txt 1.000000 55820.561995 15.366000 15.733000 Misc 0.000000 0.000000 
Datos2b278534.txt 0.583002 55820.561995 14.616000 14.851000 Misc 0.000000 0.000000 
Datos2b278783.txt 1.000000 55820.561995 14.815000 14.909000 Misc 0.000000 0.000000 
Datos2b278595.txt 1.000000 55820.561995 15.172000 15.525000 Misc 0.000000 0.000000 
Datos2b278825.txt 1.000000 55820.561995 14.114000 14.430000 Misc 0.000000 0.000000 
Datos2b278731.txt 1.000000 55820.561995 14.857000 15.136000 Misc 0.000000 0.000000 
Datos2b278211.txt 0.339634 56507.495576 15.024000 15.356000 Misc 0.000000 0.000000 
Datos2b278146.txt 0.581354 55820.561995 15.047000 15.305000 Misc 0.000000 0.000000 
Datos2b278333.txt 1.000000 55820.561995 15.915000 16.973000 Misc 0.000000 0.000000 
Datos2b278522.txt 1.000000 55820.561995 15.396000 15.951000 Misc 0.000000 0.000000 
Datos2b278340.txt 1.000000 55820.561995 15.291000 15.517000 Misc 0.000000 0.000000 
Datos2b27830.txt 4.990712 55820.561995 13.194000 13.290000 Misc 0.000000 0.000000 
Datos2b278360.txt 1.000000 55820.561995 15.698000 16.220000 Misc 0.000000 0.000000 
Datos2b278609.txt 1.000000 55820.561995 14.729000 14.831000 Misc 0.000000 0.000000 
Datos2b278598.txt 1.000000 55820.561995 14.720000 14.856000 Misc 0.000000 0.000000 
Datos2b278739.txt 1.000000 55820.561995 13.123000 13.165000 Misc 0.000000 0.000000 
Datos2b278408.txt 1.000000 55820.561995 14.693000 14.832000 Misc 0.000000 0.000000 
Datos2b278116.txt 0.281081 55820.561995 15.077000 15.367000 Misc 0.000000 0.000000 
Datos2b278396.txt 1.000000 55820.561995 14.846000 14.929000 Misc 0.000000 0.000000 
Datos2b278202.txt 1.000000 55820.561995 14.398000 14.560000 Misc 0.000000 0.000000 
Datos2b278646.txt 1.000000 55820.561995 15.587000 16.094000 Misc 0.000000 0.000000 
Datos2b278499.txt 1.000000 55820.561995 15.587000 16.094000 Misc 0.000000 0.000000 
Datos2b278590.txt 1.642934 55820.561995 15.614000 16.181000 Misc 0.000000 0.000000 
Datos2b278490.txt 1.000000 55820.561995 15.178000 15.345000 Misc 0.000000 0.000000 
Datos2b278784.txt 1.000000 55820.561995 15.024000 15.225000 Misc 0.000000 0.000000 
Datos2b278368.txt 1.000000 55820.561995 15.339000 15.699000 Misc 0.000000 0.000000 
Datos2b278829.txt 1.000000 55820.561995 14.833000 15.105000 Misc 0.000000 0.000000 
Datos2b278780.txt 1.000000 55820.561995 14.833000 15.105000 Misc 0.000000 0.000000 
Datos2b278365.txt 1.000000 55820.561995 14.857000 15.003000 Misc 0.000000 0.000000 
Datos2b278269.txt 0.799207 55820.561995 15.366000 15.575000 Misc 0.000000 0.000000 
Datos2b278743.txt 0.248650 55820.561995 15.712000 16.458000 Misc 0.000000 0.000000 
Datos2b278373.txt 0.412382 55820.561995 15.712000 16.458000 Misc 0.000000 0.000000 
Datos2b27849.txt 1.000000 55820.561995 15.178000 15.355000 Misc 0.000000 0.000000 
Datos2b278354.txt 1.000000 55820.561995 13.285000 13.366000 Misc 0.000000 0.000000 
Datos2b278758.txt 1.000000 55820.561995 14.996000 15.165000 Misc 0.000000 0.000000 
Datos2b278335.txt 1.000000 55820.561995 14.464000 14.596000 Misc 0.000000 0.000000 
Datos2b278509.txt 1.000000 55820.561995 13.690000 13.765000 Misc 0.000000 0.000000 
Datos2b278454.txt 0.509965 55820.561995 12.291000 12.380000 Misc 0.000000 0.000000 
Datos2b278648.txt 1.000000 55820.561995 14.909000 15.048000 Misc 0.000000 0.000000 
Datos2b278710.txt 1.000000 55820.561995 14.936000 15.099000 Misc 0.000000 0.000000 
Datos2b27844.txt 1.000000 55820.561995 15.184000 15.450000 Misc 0.000000 0.000000 
Datos2b278105.txt 0.277883 55820.561995 15.787000 16.335000 Misc 0.000000 0.000000 
Datos2b278555.txt 0.496153 55839.524416 13.915000 13.974000 Misc 0.000000 0.000000 
Datos2b27821.txt 1.000000 55839.524416 13.915000 13.974000 Misc 0.000000 0.000000 
Datos2b27835.txt 0.573870 55820.561995 12.759000 12.862000 Misc 0.000000 0.000000 
Datos2b278808.txt 1.000000 55820.561995 14.963000 15.111000 Misc 0.000000 0.000000 
Datos2b27848.txt 1.000000 55820.561995 14.900000 15.011000 Misc 0.000000 0.000000 
Datos2b278694.txt 1.000000 55820.561995 14.006000 14.089000 Misc 0.000000 0.000000 
Datos2b278226.txt 1.000000 55820.561995 14.236000 14.322000 Misc 0.000000 0.000000 
Datos2b278778.txt 1.000000 55820.561995 15.015000 15.147000 Misc 0.000000 0.000000 
Datos2b278814.txt 1.000000 55820.561995 14.877000 15.191000 Misc 0.000000 0.000000 
Datos2b278369.txt 1.000000 55820.561995 14.510000 14.610000 Misc 0.000000 0.000000 
Datos2b27839.txt 0.464687 55820.561995 14.914000 15.025000 Misc 0.000000 0.000000 
Datos2b278102.txt 0.994448 55820.561995 14.477000 14.611000 Misc 0.000000 0.000000 
Datos2b278503.txt 0.826243 55820.561995 15.972000 16.487000 Misc 0.000000 0.000000 
Datos2b278799.txt 0.955542 55820.561995 14.686000 14.867000 Misc 0.000000 0.000000 
Datos2b278417.txt 0.342906 55820.561995 14.044000 14.111000 Misc 0.000000 0.000000 
Datos2b27855.txt 0.499535 55820.561995 14.010000 14.127000 Misc 0.000000 0.000000 
Datos2b278585.txt 1.000000 55820.561995 13.994000 14.066000 Misc 0.000000 0.000000 
Datos2b278280.txt 1.000000 55820.561995 14.438000 14.539000 Misc 0.000000 0.000000 
Datos2b278326.txt 1.000000 55820.561995 14.623000 14.851000 Misc 0.000000 0.000000 
Datos2b27892.txt 0.453191 55820.561995 14.706000 14.840000 Misc 0.000000 0.000000 
Datos2b27856.txt 0.473700 55820.561995 14.706000 14.840000 Misc 0.000000 0.000000 
Datos2b278553.txt 1.000000 55820.561995 13.487000 13.592000 Misc 0.000000 0.000000 
Datos2b278466.txt 1.000000 55820.561995 13.487000 13.592000 Misc 0.000000 0.000000 
Datos2b278362.txt 4.143959 55820.561995 14.810000 14.936000 Misc 0.000000 0.000000 
Datos2b278556.txt 1.000000 55820.561995 12.703000 12.806000 Misc 0.000000 0.000000 
Datos2b278381.txt 1.000000 55820.561995 14.205000 14.352000 Misc 0.000000 0.000000 
Datos2b278342.txt 0.233589 55820.561995 12.819000 12.992000 Misc 0.000000 0.000000 
Datos2b2789.txt 0.320413 55820.561995 12.311000 12.486000 Misc 0.000000 0.000000 
Datos2b278615.txt 0.342906 55820.561995 14.563000 14.649000 Misc 0.000000 0.000000 
Datos2b278285.txt 0.241281 55820.561995 15.227000 15.398000 Misc 0.000000 0.000000 
Datos2b278757.txt 0.330531 55820.561995 15.688000 16.251000 Misc 0.000000 0.000000 
Datos2b27896.txt 1.894242 55820.561995 13.267000 13.367000 Misc 0.000000 0.000000 
Datos2b27879.txt 0.301929 55820.561995 14.429000 14.495000 Misc 0.000000 0.000000 
Datos2b278106.txt 1.000000 55820.561995 13.786000 13.856000 Misc 0.000000 0.000000 
Datos2b278678.txt 1.000000 55820.561995 14.981000 15.190000 Misc 0.000000 0.000000 
Datos2b278685.txt 0.845307 55820.561995 13.044000 13.113000 Misc 0.000000 0.000000 
Datos2b278473.txt 4.392371 55820.561995 13.766000 13.826000 Misc 0.000000 0.000000 
Datos2b278514.txt 0.996938 55820.561995 15.223000 15.405000 Misc 0.000000 0.000000 
Datos2b278583.txt 1.000000 55820.561995 13.590000 13.661000 Misc 0.000000 0.000000 
Datos2b278688.txt 0.272712 55820.561995 14.653000 14.925000 Misc 0.000000 0.000000 
Datos2b278599.txt 0.234263 55820.561995 14.653000 14.925000 Misc 0.000000 0.000000 
Datos2b278262.txt 1.000000 55820.561995 15.085000 15.254000 Misc 0.000000 0.000000 
Datos2b278775.txt 0.286578 55820.561995 13.851000 13.947000 Misc 0.000000 0.000000 
Datos2b278182.txt 0.188032 55820.561995 14.872000 14.993000 Misc 0.000000 0.000000 
Datos2b278513.txt 0.303178 55820.561995 12.737000 12.795000 Misc 0.000000 0.000000 
Datos2b278440.txt 0.320413 55820.561995 14.300000 14.387000 Misc 0.000000 0.000000 
Datos2b278761.txt 1.505135 55820.561995 15.090000 15.237000 Misc 0.000000 0.000000 
Datos2b278391.txt 1.000000 55820.561995 14.387000 14.544000 Misc 0.000000 0.000000 
Datos2b278293.txt 4.143959 55820.561995 13.552000 13.590000 Misc 0.000000 0.000000 
Datos2b278379.txt 1.000000 55820.561995 14.250000 14.358000 Misc 0.000000 0.000000 
Datos2b278380.txt 1.997522 55820.561995 15.396000 15.545000 Misc 0.000000 0.000000 
Datos2b278422.txt 3.922141 55820.561995 13.162000 13.251000 Misc 0.000000 0.000000 
Datos2b278432.txt 0.467653 55820.561995 13.348000 13.452000 Misc 0.000000 0.000000 
Datos2b27842.txt 1.000000 55820.561995 14.353000 14.450000 Misc 0.000000 0.000000 
Datos2b27840.txt 1.000000 55820.561995 13.183000 13.257000 Misc 0.000000 0.000000 
Datos2b278666.txt 3.379455 55820.561995 14.759000 14.864000 Misc 0.000000 0.000000 
Datos2b278644.txt 1.000000 55820.561995 14.133000 14.192000 Misc 0.000000 0.000000 
Datos2b278481.txt 1.000000 55820.561995 14.133000 14.192000 Misc 0.000000 0.000000 
Datos2b278527.txt 1.000000 55820.561995 15.021000 15.120000 Misc 0.000000 0.000000 
Datos2b278412.txt 0.278941 55820.561995 15.021000 15.120000 Misc 0.000000 0.000000 
Datos2b278817.txt 0.291132 55820.561995 13.905000 14.011000 Misc 0.000000 0.000000 
Datos2b278469.txt 0.250349 55820.561995 14.713000 14.785000 Misc 0.000000 0.000000 
Datos2b278582.txt 0.251208 55820.561995 14.011000 14.129000 Misc 0.000000 0.000000 
Datos2b278250.txt 1.000000 55820.561995 13.247000 13.312000 Misc 0.000000 0.000000 
Datos2b278690.txt 0.293464 55820.561995 14.773000 14.864000 Misc 0.000000 0.000000 
Datos2b278614.txt 1.000000 55820.561995 14.073000 14.172000 Misc 0.000000 0.000000 
Datos2b278294.txt 0.374448 55820.561995 14.656000 14.736000 Misc 0.000000 0.000000 
Datos2b278251.txt 2.746167 55820.561995 14.354000 14.414000 Misc 0.000000 0.000000 
Datos2b278251.txt 2.746167 55820.561995 14.354000 14.414000 Misc 0.000000 0.000000 
