Datos2b278275.txt 12.383127 55820.561995 12.226000 12.411000 Misc 0.000000 0.000000 
Datos2b278107.txt 0.508795 55820.561995 13.311000 13.555000 Misc 0.000000 0.000000 
Datos2b278366.txt 0.507966 55820.561995 14.403000 14.738000 Misc 0.000000 0.000000 
Datos2b278616.txt 1.023114 55820.561995 14.240000 14.531000 Misc 0.000000 0.000000 
Datos2b278508.txt 0.511555 55820.561995 14.240000 14.531000 Misc 0.000000 0.000000 
Datos2b278538.txt 1.002643 55820.561995 14.417000 14.719000 Misc 0.000000 0.000000 
Datos2b278441.txt 0.503084 55820.561995 14.362000 14.742000 Misc 0.000000 0.000000 
Datos2b278497.txt 1.005530 55820.561995 14.479000 14.762000 Misc 0.000000 0.000000 
Datos2b278515.txt 0.469193 55820.561995 14.237000 14.525000 Misc 0.000000 0.000000 
Datos2b278736.txt 0.994125 55820.561995 14.317000 14.648000 Misc 0.000000 0.000000 
Datos2b278427.txt 0.994144 55820.561995 14.317000 14.648000 Misc 0.000000 0.000000 
Datos2b27881.txt 0.494784 55820.561995 14.575000 14.896000 Misc 0.000000 0.000000 
Datos2b278569.txt 0.707315 55820.561995 15.272000 15.681000 Misc 0.000000 0.000000 
Datos2b278352.txt 0.339365 55820.561995 12.380000 12.690000 Misc 0.000000 0.000000 
Datos2b278772.txt 0.631746 55820.561995 13.872000 14.180000 Misc 0.000000 0.000000 
Datos2b278794.txt 1.098316 55820.561995 14.400000 14.683000 Misc 0.000000 0.000000 
Datos2b278268.txt 0.689108 55820.561995 14.843000 15.185000 Misc 0.000000 0.000000 
Datos2b278178.txt 0.477761 55820.561995 15.542000 16.031000 Misc 0.000000 0.000000 
Datos2b278654.txt 0.203159 55820.561995 13.770000 13.970000 Misc 0.000000 0.000000 
Datos2b278448.txt 0.407271 55820.561995 15.062000 15.467000 Misc 0.000000 0.000000 
Datos2b278542.txt 0.478004 55820.561995 14.301000 14.594000 Misc 0.000000 0.000000 
Datos2b278421.txt 0.478008 55820.561995 14.301000 14.594000 Misc 0.000000 0.000000 
Datos2b278124.txt 0.541361 55820.561995 14.408000 14.658000 Misc 0.000000 0.000000 
Datos2b278629.txt 8.795303 55820.561995 14.257000 14.727000 Misc 0.000000 0.000000 
Datos2b278278.txt 0.463325 55820.561995 12.949000 13.196000 Misc 0.000000 0.000000 
Datos2b278787.txt 0.474682 55820.561995 14.360000 14.698000 Misc 0.000000 0.000000 
Datos2b278818.txt 0.283816 55820.561995 14.927000 15.531000 Misc 0.000000 0.000000 
Datos2b278495.txt 1.791416 55820.561995 15.148000 16.116000 Misc 0.000000 0.000000 
Datos2b278812.txt 0.774269 55820.561995 15.286000 15.693000 Misc 0.000000 0.000000 
Datos2b278722.txt 0.242208 55820.561995 15.797000 16.265000 Misc 0.000000 0.000000 
Datos2b278329.txt 1.189477 55820.561995 14.213000 14.514000 Misc 0.000000 0.000000 
Datos2b278748.txt 0.440338 55820.561995 15.232000 15.638000 Misc 0.000000 0.000000 
Datos2b278671.txt 0.401044 55820.561995 16.126000 16.706000 Misc 0.000000 0.000000 
Datos2b278552.txt 0.687651 55820.561995 14.090000 14.359000 Misc 0.000000 0.000000 
Datos2b278570.txt 1.059987 55820.561995 15.731000 16.361000 Misc 0.000000 0.000000 
Datos2b278789.txt 1.173287 55820.561995 14.324000 14.646000 Misc 0.000000 0.000000 
Datos2b278580.txt 0.889845 55820.561995 15.304000 15.833000 Misc 0.000000 0.000000 
Datos2b278492.txt 0.527911 55820.561995 15.062000 15.498000 Misc 0.000000 0.000000 
Datos2b278704.txt 2.603531 55820.561995 15.205000 15.576000 Misc 0.000000 0.000000 
Datos2b278546.txt 1.806306 55820.561995 12.769000 12.981000 Misc 0.000000 0.000000 
Datos2b278325.txt 0.627370 55820.561995 14.770000 15.214000 Misc 0.000000 0.000000 
Datos2b278507.txt 0.323496 55820.561995 15.112000 15.493000 Misc 0.000000 0.000000 
Datos2b278128.txt 0.377434 55820.561995 14.860000 15.180000 Misc 0.000000 0.000000 
Datos2b278257.txt 6.362214 55839.524416 14.394000 14.812000 Misc 0.000000 0.000000 
Datos2b278306.txt 1.211028 55820.561995 14.087000 14.361000 Misc 0.000000 0.000000 
Datos2b278628.txt 0.225097 55820.561995 15.649000 16.190000 Misc 0.000000 0.000000 
Datos2b278642.txt 2.005137 55820.561995 14.982000 15.417000 Misc 0.000000 0.000000 
Datos2b278816.txt 0.234260 55820.561995 15.012000 15.435000 Misc 0.000000 0.000000 
Datos2b278535.txt 1.414411 55820.561995 13.590000 13.858000 Misc 0.000000 0.000000 
Datos2b278207.txt 0.707193 55820.561995 13.590000 13.858000 Misc 0.000000 0.000000 
Datos2b278476.txt 2.534613 55820.561995 15.062000 15.715000 Misc 0.000000 0.000000 
Datos2b278297.txt 4.554834 55820.561995 15.284000 15.681000 Misc 0.000000 0.000000 
Datos2b278316.txt 0.536000 55820.561995 15.537000 15.967000 Misc 0.000000 0.000000 
Datos2b278792.txt 4.799198 55820.561995 12.664000 13.155000 Misc 0.000000 0.000000 
Datos2b278376.txt 2.399705 55820.561995 12.664000 13.155000 Misc 0.000000 0.000000 
Datos2b278517.txt 1.000000 55820.561995 16.102000 16.753000 Misc 0.000000 0.000000 
Datos2b278622.txt 1.000000 55820.561995 15.085000 15.460000 Misc 0.000000 0.000000 
Datos2b278819.txt 0.660649 55820.561995 15.778000 16.381000 Misc 0.000000 0.000000 
Datos2b278692.txt 0.426958 55820.561995 15.549000 16.173000 Misc 0.000000 0.000000 
Datos2b27882.txt 0.425703 55820.561995 15.056000 15.391000 Misc 0.000000 0.000000 
Datos2b278767.txt 0.425701 55820.561995 15.056000 15.391000 Misc 0.000000 0.000000 
Datos2b278611.txt 0.425687 55820.561995 15.056000 15.391000 Misc 0.000000 0.000000 
Datos2b27836.txt 0.425683 55820.561995 15.056000 15.391000 Misc 0.000000 0.000000 
Datos2b278112.txt 0.399313 55820.561995 14.361000 14.687000 Misc 0.000000 0.000000 
Datos2b278145.txt 0.675847 55820.561995 14.765000 15.064000 Misc 0.000000 0.000000 
Datos2b278728.txt 0.908277 55820.561995 14.348000 14.720000 Misc 0.000000 0.000000 
Datos2b278776.txt 0.470426 55820.561995 15.613000 16.304000 Misc 0.000000 0.000000 
Datos2b278575.txt 0.470424 55820.561995 15.613000 16.304000 Misc 0.000000 0.000000 
Datos2b278155.txt 7.800664 55820.561995 14.514000 14.947000 Misc 0.000000 0.000000 
Datos2b278707.txt 0.452068 55820.561995 14.962000 15.335000 Misc 0.000000 0.000000 
Datos2b278741.txt 3.508473 55820.561995 14.429000 14.872000 Misc 0.000000 0.000000 
Datos2b278659.txt 0.751524 55820.561995 15.077000 15.382000 Misc 0.000000 0.000000 
Datos2b278395.txt 3.228805 55820.561995 11.903000 12.205000 Misc 0.000000 0.000000 
Datos2b278101.txt 0.763415 55820.561995 14.380000 14.718000 Misc 0.000000 0.000000 
Datos2b278215.txt 1.303158 55820.561995 14.078000 14.329000 Misc 0.000000 0.000000 
Datos2b278122.txt 1.682448 55820.561995 14.700000 15.061000 Misc 0.000000 0.000000 
Datos2b278190.txt 0.530820 55820.561995 13.921000 14.344000 Misc 0.000000 0.000000 
Datos2b278480.txt 0.342896 55820.561995 14.620000 14.888000 Misc 0.000000 0.000000 
Datos2b27845.txt 0.408072 55820.561995 15.180000 15.511000 Misc 0.000000 0.000000 
Datos2b278597.txt 0.344916 55820.561995 15.247000 15.654000 Misc 0.000000 0.000000 
Datos2b278752.txt 1.311496 55820.561995 14.549000 14.840000 Misc 0.000000 0.000000 
Datos2b278317.txt 1.311417 55820.561995 14.549000 14.840000 Misc 0.000000 0.000000 
Datos2b278474.txt 0.579613 55820.561995 14.787000 15.113000 Misc 0.000000 0.000000 
Datos2b278484.txt 4.794039 55820.561995 14.888000 15.452000 Misc 0.000000 0.000000 
