Datos3b279166.txt 2.988436 55309.758970 14.295000 14.577000 Misc 0.000000 0.000000 
Datos3b279511.txt 1.000000 55309.758970 12.987000 13.228000 Misc 0.000000 0.000000 
Datos3b279138.txt 0.997159 55309.758970 12.081000 12.294000 Misc 0.000000 0.000000 
Datos3b279317.txt 1.000000 55309.758970 13.709000 13.996000 Misc 0.000000 0.000000 
Datos3b279290.txt 0.997098 55309.758970 13.228000 13.435000 Misc 0.000000 0.000000 
Datos3b279622.txt 1.000000 55309.758970 12.882000 13.167000 Misc 0.000000 0.000000 
Datos3b279599.txt 1.000000 55309.758970 14.891000 15.167000 Misc 0.000000 0.000000 
Datos3b279439.txt 1.000000 55309.758970 14.589000 14.927000 Misc 0.000000 0.000000 
Datos3b279332.txt 2.030457 55309.758970 16.075000 16.705000 Misc 0.000000 0.000000 
Datos3b279322.txt 0.997913 55309.758970 14.319000 14.566000 Misc 0.000000 0.000000 
Datos3b279141.txt 0.998531 55309.758970 14.905000 15.283000 Misc 0.000000 0.000000 
Datos3b279159.txt 1.000000 55309.758970 14.404000 14.723000 Misc 0.000000 0.000000 
Datos3b279502.txt 1.000000 55309.758970 15.300000 15.892000 Misc 0.000000 0.000000 
Datos3b279318.txt 1.000000 55309.758970 15.824000 16.390000 Misc 0.000000 0.000000 
Datos3b27912.txt 1.000000 55309.758970 12.213000 12.675000 Misc 0.000000 0.000000 
Datos3b2797.txt 1.000000 55309.758970 15.153000 15.844000 Misc 0.000000 0.000000 
Datos3b279277.txt 1.992670 55309.758970 12.915000 13.167000 Misc 0.000000 0.000000 
Datos3b27987.txt 1.000000 55309.758970 13.989000 14.225000 Misc 0.000000 0.000000 
Datos3b279243.txt 1.000000 55309.758970 13.856000 14.121000 Misc 0.000000 0.000000 
Datos3b279267.txt 1.000000 55309.758970 11.922000 12.240000 Misc 0.000000 0.000000 
Datos3b279484.txt 1.000000 55309.758970 15.445000 16.021000 Misc 0.000000 0.000000 
Datos3b279378.txt 0.997159 55309.758970 12.334000 12.451000 Misc 0.000000 0.000000 
Datos3b279429.txt 1.000000 55309.758970 13.121000 13.387000 Misc 0.000000 0.000000 
Datos3b279204.txt 1.000000 55818.523900 15.057000 15.599000 Misc 0.000000 0.000000 
Datos3b279120.txt 1.000000 55309.758970 15.950000 16.609000 Misc 0.000000 0.000000 
Datos3b279551.txt 0.365798 55309.758970 15.928000 16.766000 Misc 0.000000 0.000000 
Datos3b27946.txt 0.227000 55309.758970 15.288000 15.665000 Misc 0.000000 0.000000 
Datos3b27994.txt 0.998780 55309.758970 14.624000 14.947000 Misc 0.000000 0.000000 
Datos3b279673.txt 1.000000 55309.758970 13.190000 13.375000 Misc 0.000000 0.000000 
Datos3b279117.txt 0.488699 55309.758970 15.140000 15.607000 Misc 0.000000 0.000000 
Datos3b279298.txt 1.000000 55309.758970 13.012000 13.227000 Misc 0.000000 0.000000 
Datos3b279576.txt 1.002726 55309.758970 15.358000 15.888000 Misc 0.000000 0.000000 
Datos3b279644.txt 1.000000 55309.758970 12.722000 12.928000 Misc 0.000000 0.000000 
Datos3b279231.txt 1.000000 55309.758970 15.341000 15.662000 Misc 0.000000 0.000000 
Datos3b279324.txt 0.288404 55309.758970 14.188000 14.364000 Misc 0.000000 0.000000 
Datos3b279286.txt 0.668338 55309.758970 15.941000 16.517000 Misc 0.000000 0.000000 
Datos3b279217.txt 0.960304 55309.758970 16.124000 16.987000 Misc 0.000000 0.000000 
Datos3b279668.txt 0.249240 55309.758970 15.288000 15.710000 Misc 0.000000 0.000000 
Datos3b279669.txt 0.997159 55309.758970 15.500000 16.040000 Misc 0.000000 0.000000 
Datos3b279312.txt 1.000000 55309.758970 15.163000 15.522000 Misc 0.000000 0.000000 
Datos3b279562.txt 1.000000 55309.758970 14.769000 15.184000 Misc 0.000000 0.000000 
Datos3b279632.txt 1.000000 55818.523900 15.607000 16.070000 Misc 0.000000 0.000000 
Datos3b27916.txt 1.000000 55309.758970 15.787000 16.346000 Misc 0.000000 0.000000 
Datos3b279436.txt 1.000000 55818.523900 15.762000 16.289000 Misc 0.000000 0.000000 
Datos3b279651.txt 1.000000 55309.758970 15.987000 16.670000 Misc 0.000000 0.000000 
Datos3b279395.txt 1.000000 55309.758970 15.105000 15.558000 Misc 0.000000 0.000000 
Datos3b279469.txt 0.406711 55309.758970 16.093000 16.655000 Misc 0.000000 0.000000 
Datos3b279213.txt 1.000000 55309.758970 14.916000 15.052000 Misc 0.000000 0.000000 
Datos3b279517.txt 1.440421 55309.758970 15.527000 16.003000 Misc 0.000000 0.000000 
Datos3b27969.txt 1.000000 55309.758970 14.810000 15.187000 Misc 0.000000 0.000000 
Datos3b279604.txt 1.000000 55309.758970 12.698000 12.925000 Misc 0.000000 0.000000 
Datos3b279467.txt 1.000000 55309.758970 13.864000 13.934000 Misc 0.000000 0.000000 
Datos3b279340.txt 1.000000 55309.758970 15.974000 16.511000 Misc 0.000000 0.000000 
Datos3b279175.txt 0.378772 55309.758970 15.404000 15.776000 Misc 0.000000 0.000000 
Datos3b279443.txt 0.301252 55309.758970 15.916000 16.417000 Misc 0.000000 0.000000 
Datos3b279145.txt 1.000000 55818.523900 12.589000 12.808000 Misc 0.000000 0.000000 
Datos3b27961.txt 0.584540 55309.758970 16.119000 16.771000 Misc 0.000000 0.000000 
Datos3b27952.txt 0.479042 55309.758970 15.924000 16.395000 Misc 0.000000 0.000000 
Datos3b279579.txt 1.000000 55309.758970 12.210000 12.575000 Misc 0.000000 0.000000 
Datos3b279225.txt 0.286533 55309.758970 15.619000 16.102000 Misc 0.000000 0.000000 
Datos3b279394.txt 1.000000 55309.758970 14.501000 14.764000 Misc 0.000000 0.000000 
Datos3b279656.txt 1.000000 55818.523900 15.274000 15.735000 Misc 0.000000 0.000000 
Datos3b279406.txt 0.239668 55309.758970 15.709000 16.299000 Misc 0.000000 0.000000 
Datos3b279461.txt 1.000000 55309.758970 12.988000 13.170000 Misc 0.000000 0.000000 
Datos3b279546.txt 0.234236 55309.758970 15.874000 16.440000 Misc 0.000000 0.000000 
Datos3b279104.txt 0.324402 55309.758970 15.681000 16.037000 Misc 0.000000 0.000000 
Datos3b279363.txt 1.843568 55309.758970 15.582000 16.016000 Misc 0.000000 0.000000 
Datos3b279569.txt 1.000000 55309.758970 15.501000 15.993000 Misc 0.000000 0.000000 
Datos3b279563.txt 0.759029 55309.758970 16.289000 16.931000 Misc 0.000000 0.000000 
Datos3b2792.txt 1.000000 55309.758970 12.811000 13.070000 Misc 0.000000 0.000000 
Datos3b279112.txt 0.998752 55309.758970 15.683000 16.285000 Misc 0.000000 0.000000 
Datos3b279442.txt 0.343348 55309.758970 15.874000 16.418000 Misc 0.000000 0.000000 
Datos3b279457.txt 2.033242 55818.523900 15.530000 15.965000 Misc 0.000000 0.000000 
Datos3b279473.txt 1.000000 55309.758970 15.671000 16.239000 Misc 0.000000 0.000000 
Datos3b279211.txt 0.996049 55309.758970 14.860000 15.224000 Misc 0.000000 0.000000 
Datos3b279368.txt 1.000000 55309.758970 15.332000 15.518000 Misc 0.000000 0.000000 
Datos3b279258.txt 1.024959 55309.758970 13.135000 13.373000 Misc 0.000000 0.000000 
Datos3b279557.txt 1.000000 55309.758970 15.516000 15.962000 Misc 0.000000 0.000000 
Datos3b279616.txt 4.597701 55309.758970 16.047000 16.590000 Misc 0.000000 0.000000 
Datos3b27927.txt 0.326398 55309.758970 15.353000 15.821000 Misc 0.000000 0.000000 
Datos3b279222.txt 0.329354 55309.758970 16.307000 16.989000 Misc 0.000000 0.000000 
Datos3b279474.txt 1.000000 55309.758970 16.072000 16.940000 Misc 0.000000 0.000000 
Datos3b279390.txt 0.498575 55818.523900 15.751000 16.382000 Misc 0.000000 0.000000 
Datos3b279323.txt 0.498753 55309.758970 15.228000 15.635000 Misc 0.000000 0.000000 
Datos3b279194.txt 0.997066 55309.758970 13.418000 13.670000 Misc 0.000000 0.000000 
Datos3b279359.txt 4.081633 55309.758970 12.718000 12.989000 Misc 0.000000 0.000000 
Datos3b279575.txt 2.711864 55309.758970 13.168000 13.368000 Misc 0.000000 0.000000 
Datos3b279169.txt 0.274631 55309.758970 15.210000 15.736000 Misc 0.000000 0.000000 
Datos3b279388.txt 1.000000 55309.758970 15.886000 16.514000 Misc 0.000000 0.000000 
Datos3b279629.txt 0.308154 55309.758970 15.149000 15.561000 Misc 0.000000 0.000000 
Datos3b27926.txt 0.317839 55309.758970 15.874000 16.515000 Misc 0.000000 0.000000 
Datos3b279232.txt 0.332425 55309.758970 16.173000 16.988000 Misc 0.000000 0.000000 
Datos3b279664.txt 1.000000 55309.758970 15.784000 16.325000 Misc 0.000000 0.000000 
Datos3b279205.txt 0.741956 55309.758970 14.916000 15.392000 Misc 0.000000 0.000000 
Datos3b279100.txt 1.000000 55309.758970 15.608000 16.224000 Misc 0.000000 0.000000 
Datos3b279650.txt 0.997522 55309.758970 12.396000 12.602000 Misc 0.000000 0.000000 
Datos3b279403.txt 0.283956 55309.758970 15.716000 16.196000 Misc 0.000000 0.000000 
Datos3b279471.txt 1.000000 55818.523900 14.324000 14.533000 Misc 0.000000 0.000000 
Datos3b27917.txt 1.000000 55309.758970 15.139000 15.748000 Misc 0.000000 0.000000 
Datos3b279492.txt 1.000000 55818.523900 14.082000 14.471000 Misc 0.000000 0.000000 
Datos3b279550.txt 1.000000 55309.758970 14.951000 15.620000 Misc 0.000000 0.000000 
Datos3b279196.txt 1.000000 55309.758970 15.589000 16.136000 Misc 0.000000 0.000000 
Datos3b279415.txt 1.000000 55309.758970 15.822000 16.349000 Misc 0.000000 0.000000 
Datos3b279182.txt 1.000000 55309.758970 13.680000 14.226000 Misc 0.000000 0.000000 
Datos3b279303.txt 1.000000 55309.758970 13.101000 13.288000 Misc 0.000000 0.000000 
Datos3b279190.txt 1.000000 55309.758970 15.067000 15.202000 Misc 0.000000 0.000000 
Datos3b279330.txt 1.000000 55309.758970 13.030000 13.235000 Misc 0.000000 0.000000 
Datos3b279262.txt 0.997238 55309.758970 15.909000 16.514000 Misc 0.000000 0.000000 
Datos3b279365.txt 0.221550 55309.758970 14.158000 14.439000 Misc 0.000000 0.000000 
Datos3b27999.txt 0.539447 55309.758970 13.056000 13.236000 Misc 0.000000 0.000000 
Datos3b279186.txt 1.000000 55309.758970 15.109000 15.696000 Misc 0.000000 0.000000 
Datos3b27979.txt 1.000000 55309.758970 14.500000 15.122000 Misc 0.000000 0.000000 
Datos3b27937.txt 1.000000 55309.758970 14.979000 15.712000 Misc 0.000000 0.000000 
Datos3b279129.txt 0.498627 55309.758970 16.110000 16.730000 Misc 0.000000 0.000000 
Datos3b279302.txt 1.000000 55309.758970 15.589000 15.996000 Misc 0.000000 0.000000 
Datos3b279637.txt 1.000000 55309.758970 16.065000 16.709000 Misc 0.000000 0.000000 
Datos3b279427.txt 1.000000 55309.758970 13.285000 13.538000 Misc 0.000000 0.000000 
Datos3b279564.txt 1.000000 55309.758970 15.127000 15.502000 Misc 0.000000 0.000000 
Datos3b279581.txt 1.000000 55309.758970 15.863000 16.347000 Misc 0.000000 0.000000 
Datos3b279619.txt 0.985222 55309.758970 16.154000 16.951000 Misc 0.000000 0.000000 
Datos3b279539.txt 0.994433 55309.758970 15.333000 15.529000 Misc 0.000000 0.000000 
Datos3b279483.txt 1.000000 55309.758970 15.759000 16.284000 Misc 0.000000 0.000000 
Datos3b279352.txt 1.000000 56160.600013 12.589000 12.890000 Misc 0.000000 0.000000 
Datos3b279659.txt 1.000000 55309.758970 14.759000 15.080000 Misc 0.000000 0.000000 
Datos3b2793.txt 1.000000 55309.758970 15.824000 16.490000 Misc 0.000000 0.000000 
Datos3b27918.txt 1.000000 55309.758970 13.946000 14.190000 Misc 0.000000 0.000000 
Datos3b27963.txt 1.000000 55309.758970 15.130000 15.488000 Misc 0.000000 0.000000 
Datos3b279334.txt 1.000000 55309.758970 16.083000 16.650000 Misc 0.000000 0.000000 
Datos3b279549.txt 1.000000 55309.758970 15.427000 15.851000 Misc 0.000000 0.000000 
Datos3b279253.txt 1.000000 55309.758970 15.839000 16.409000 Misc 0.000000 0.000000 
Datos3b279466.txt 1.000000 55309.758970 12.890000 13.053000 Misc 0.000000 0.000000 
Datos3b279149.txt 1.000000 55309.758970 14.652000 15.014000 Misc 0.000000 0.000000 
Datos3b279161.txt 1.000000 55309.758970 15.109000 15.495000 Misc 0.000000 0.000000 
Datos3b279195.txt 1.000000 55309.758970 15.275000 15.439000 Misc 0.000000 0.000000 
Datos3b279214.txt 1.000000 55309.758970 16.254000 17.013000 Misc 0.000000 0.000000 
Datos3b279271.txt 1.000000 55309.758970 15.922000 16.511000 Misc 0.000000 0.000000 
Datos3b279348.txt 1.000000 55309.758970 12.375000 12.669000 Misc 0.000000 0.000000 
Datos3b279666.txt 0.767018 55309.758970 15.864000 16.454000 Misc 0.000000 0.000000 
Datos3b279215.txt 0.245231 55309.758970 15.671000 16.249000 Misc 0.000000 0.000000 
Datos3b27956.txt 0.404449 55309.758970 16.104000 16.712000 Misc 0.000000 0.000000 
Datos3b279527.txt 0.674192 55309.758970 15.448000 15.827000 Misc 0.000000 0.000000 
Datos3b279542.txt 1.000000 55309.758970 15.965000 16.760000 Misc 0.000000 0.000000 
Datos3b279170.txt 1.000000 55309.758970 12.578000 12.791000 Misc 0.000000 0.000000 
Datos3b279452.txt 1.000000 55309.758970 13.364000 13.498000 Misc 0.000000 0.000000 
Datos3b279531.txt 0.999900 55309.758970 15.167000 15.552000 Misc 0.000000 0.000000 
Datos3b279597.txt 1.000000 55309.758970 15.198000 15.603000 Misc 0.000000 0.000000 
Datos3b279633.txt 1.000000 55309.758970 13.393000 13.526000 Misc 0.000000 0.000000 
Datos3b279631.txt 1.000000 55309.758970 15.515000 15.913000 Misc 0.000000 0.000000 
Datos3b279180.txt 1.000000 55309.758970 12.808000 12.991000 Misc 0.000000 0.000000 
Datos3b279523.txt 1.000000 55309.758970 15.797000 16.268000 Misc 0.000000 0.000000 
Datos3b279514.txt 1.000000 55309.758970 14.494000 14.882000 Misc 0.000000 0.000000 
Datos3b279367.txt 1.000000 55309.758970 15.644000 16.198000 Misc 0.000000 0.000000 
Datos3b279313.txt 1.000000 55309.758970 15.591000 16.023000 Misc 0.000000 0.000000 
Datos3b279602.txt 0.345971 55309.758970 16.140000 16.721000 Misc 0.000000 0.000000 
Datos3b279209.txt 1.000000 55309.758970 14.455000 14.791000 Misc 0.000000 0.000000 
Datos3b279264.txt 1.000000 55309.758970 15.506000 15.901000 Misc 0.000000 0.000000 
Datos3b279358.txt 1.000000 55309.758970 15.814000 16.360000 Misc 0.000000 0.000000 
Datos3b279239.txt 1.122020 55309.758970 15.130000 15.521000 Misc 0.000000 0.000000 
Datos3b2790.txt 0.997301 55309.758970 14.897000 15.050000 Misc 0.000000 0.000000 
Datos3b279163.txt 0.457928 55309.758970 15.272000 15.773000 Misc 0.000000 0.000000 
Datos3b27938.txt 1.000000 55309.758970 13.138000 13.448000 Misc 0.000000 0.000000 
Datos3b279438.txt 1.000000 55309.758970 15.647000 16.371000 Misc 0.000000 0.000000 
Datos3b279354.txt 1.000000 55818.523900 14.141000 14.357000 Misc 0.000000 0.000000 
Datos3b27951.txt 0.498753 55309.758970 14.556000 14.916000 Misc 0.000000 0.000000 
Datos3b279144.txt 1.000000 55309.758970 15.804000 16.310000 Misc 0.000000 0.000000 
Datos3b279670.txt 1.000000 55309.758970 15.995000 16.669000 Misc 0.000000 0.000000 
Datos3b279423.txt 1.000000 55309.758970 15.802000 16.413000 Misc 0.000000 0.000000 
Datos3b279533.txt 1.000000 56160.600013 12.910000 13.093000 Misc 0.000000 0.000000 
Datos3b279121.txt 1.000000 55309.758970 15.179000 15.605000 Misc 0.000000 0.000000 
Datos3b279285.txt 1.000000 55309.758970 12.073000 12.247000 Misc 0.000000 0.000000 
Datos3b279353.txt 1.000000 55309.758970 15.443000 15.877000 Misc 0.000000 0.000000 
Datos3b279343.txt 1.000000 55309.758970 14.810000 15.141000 Misc 0.000000 0.000000 
Datos3b279453.txt 1.000000 55309.758970 14.599000 14.900000 Misc 0.000000 0.000000 
Datos3b279584.txt 1.000000 55309.758970 15.758000 16.365000 Misc 0.000000 0.000000 
Datos3b27943.txt 0.633413 55309.758970 12.802000 12.996000 Misc 0.000000 0.000000 
Datos3b279127.txt 0.289960 55309.758970 15.810000 16.362000 Misc 0.000000 0.000000 
Datos3b279412.txt 1.000000 55309.758970 16.145000 16.764000 Misc 0.000000 0.000000 
Datos3b279485.txt 0.502921 55309.758970 15.850000 16.351000 Misc 0.000000 0.000000 
Datos3b279447.txt 1.000000 55309.758970 15.802000 16.341000 Misc 0.000000 0.000000 
Datos3b279617.txt 1.498175 55309.758970 15.627000 16.074000 Misc 0.000000 0.000000 
Datos3b279497.txt 1.000000 55309.758970 15.234000 15.409000 Misc 0.000000 0.000000 
Datos3b27936.txt 1.000000 56160.600013 12.754000 12.952000 Misc 0.000000 0.000000 
Datos3b27936.txt 0.622398 56160.600013 12.754000 12.952000 Misc 0.000000 0.000000 
Datos3b27944.txt 0.335052 55309.758970 15.780000 16.336000 Misc 0.000000 0.000000 
Datos3b27980.txt 0.253669 55309.758970 16.031000 16.619000 Misc 0.000000 0.000000 
Datos3b279422.txt 1.000000 55309.758970 15.282000 15.675000 Misc 0.000000 0.000000 
Datos3b279522.txt 0.747322 55309.758970 15.701000 16.312000 Misc 0.000000 0.000000 
Datos3b279201.txt 1.413353 55309.758970 15.130000 15.590000 Misc 0.000000 0.000000 
Datos3b27962.txt 4.722172 55309.758970 12.843000 13.226000 Misc 0.000000 0.000000 
Datos3b279420.txt 0.929892 55309.758970 15.857000 16.436000 Misc 0.000000 0.000000 
Datos3b279486.txt 0.256711 55309.758970 15.585000 16.017000 Misc 0.000000 0.000000 
Datos3b279315.txt 1.784502 55309.758970 12.440000 12.665000 Misc 0.000000 0.000000 
Datos3b279585.txt 0.280232 55309.758970 12.929000 13.104000 Misc 0.000000 0.000000 
Datos3b279658.txt 1.000000 55309.758970 16.145000 16.792000 Misc 0.000000 0.000000 
Datos3b279534.txt 0.352834 55818.523900 14.852000 15.311000 Misc 0.000000 0.000000 
Datos3b279404.txt 1.000000 55309.758970 15.210000 15.630000 Misc 0.000000 0.000000 
Datos3b279291.txt 1.852082 55309.758970 15.794000 16.235000 Misc 0.000000 0.000000 
Datos3b279441.txt 0.210255 55309.758970 12.265000 12.503000 Misc 0.000000 0.000000 
Datos3b27977.txt 1.000000 55309.758970 15.421000 15.863000 Misc 0.000000 0.000000 
Datos3b279177.txt 2.163031 55309.758970 15.987000 16.589000 Misc 0.000000 0.000000 
Datos3b279571.txt 1.991025 56160.600013 13.051000 13.237000 Misc 0.000000 0.000000 
Datos3b279524.txt 0.249314 55309.758970 14.846000 15.222000 Misc 0.000000 0.000000 
Datos3b279530.txt 0.998837 55818.523900 14.533000 14.812000 Misc 0.000000 0.000000 
Datos3b279625.txt 1.000000 55309.758970 15.403000 15.889000 Misc 0.000000 0.000000 
Datos3b279614.txt 1.000000 55309.758970 15.284000 15.648000 Misc 0.000000 0.000000 
Datos3b279528.txt 0.347549 55309.758970 15.811000 16.304000 Misc 0.000000 0.000000 
Datos3b279105.txt 0.468233 55309.758970 13.115000 13.344000 Misc 0.000000 0.000000 
Datos3b279337.txt 0.205072 55309.758970 14.965000 15.126000 Misc 0.000000 0.000000 
Datos3b279560.txt 5.161644 56160.600013 12.511000 12.650000 Misc 0.000000 0.000000 
Datos3b279594.txt 1.000000 55309.758970 15.499000 16.028000 Misc 0.000000 0.000000 
Datos3b279437.txt 0.286802 56160.600013 12.041000 12.224000 Misc 0.000000 0.000000 
Datos3b279446.txt 0.220377 55309.758970 15.618000 16.212000 Misc 0.000000 0.000000 
Datos3b279383.txt 1.000000 55309.758970 16.047000 16.656000 Misc 0.000000 0.000000 
Datos3b279272.txt 1.000000 55309.758970 15.057000 15.619000 Misc 0.000000 0.000000 
Datos3b279610.txt 1.000000 55309.758970 15.476000 15.926000 Misc 0.000000 0.000000 
Datos3b279260.txt 1.000000 55309.758970 15.699000 16.362000 Misc 0.000000 0.000000 
Datos3b27941.txt 0.499073 55309.758970 15.290000 15.698000 Misc 0.000000 0.000000 
Datos3b279612.txt 1.000000 55309.758970 15.652000 16.138000 Misc 0.000000 0.000000 
Datos3b27960.txt 1.000000 55309.758970 16.098000 16.752000 Misc 0.000000 0.000000 
Datos3b279676.txt 1.000000 55309.758970 15.380000 15.585000 Misc 0.000000 0.000000 
Datos3b279347.txt 0.529958 55309.758970 13.352000 13.572000 Misc 0.000000 0.000000 
Datos3b279477.txt 0.243568 55309.758970 16.008000 16.600000 Misc 0.000000 0.000000 
Datos3b279601.txt 0.997103 55309.758970 15.258000 15.685000 Misc 0.000000 0.000000 
Datos3b27958.txt 1.000000 55309.758970 12.674000 12.817000 Misc 0.000000 0.000000 
Datos3b279646.txt 1.000000 55309.758970 15.784000 16.308000 Misc 0.000000 0.000000 
Datos3b279503.txt 1.000000 55309.758970 15.877000 16.589000 Misc 0.000000 0.000000 
Datos3b279203.txt 2.109742 56160.600013 13.387000 13.555000 Misc 0.000000 0.000000 
Datos3b279606.txt 0.244377 55309.758970 15.712000 16.151000 Misc 0.000000 0.000000 
Datos3b279309.txt 1.000000 55309.758970 15.683000 16.132000 Misc 0.000000 0.000000 
Datos3b279491.txt 1.000000 55309.758970 15.146000 15.436000 Misc 0.000000 0.000000 
Datos3b27913.txt 1.628349 55309.758970 15.743000 16.198000 Misc 0.000000 0.000000 
Datos3b279555.txt 1.000000 55309.758970 14.643000 14.751000 Misc 0.000000 0.000000 
Datos3b279189.txt 1.000000 55309.758970 15.232000 15.693000 Misc 0.000000 0.000000 
Datos3b279430.txt 1.000000 55309.758970 15.186000 15.517000 Misc 0.000000 0.000000 
Datos3b279143.txt 1.000000 55309.758970 16.145000 16.783000 Misc 0.000000 0.000000 
Datos3b27910.txt 1.000000 55309.758970 14.455000 14.686000 Misc 0.000000 0.000000 
Datos3b279106.txt 1.979661 55309.758970 15.322000 15.706000 Misc 0.000000 0.000000 
Datos3b27991.txt 0.997139 55309.758970 15.683000 16.177000 Misc 0.000000 0.000000 
Datos3b279642.txt 1.000000 55309.758970 13.026000 13.192000 Misc 0.000000 0.000000 
Datos3b27948.txt 0.497652 55309.758970 16.072000 16.790000 Misc 0.000000 0.000000 
Datos3b279278.txt 0.232334 55309.758970 16.085000 16.706000 Misc 0.000000 0.000000 
Datos3b279582.txt 1.000000 55309.758970 13.945000 14.240000 Misc 0.000000 0.000000 
Datos3b279462.txt 1.000000 55309.758970 15.269000 15.619000 Misc 0.000000 0.000000 
Datos3b279641.txt 1.000000 55309.758970 15.349000 15.724000 Misc 0.000000 0.000000 
Datos3b27978.txt 0.288252 55309.758970 12.717000 12.861000 Misc 0.000000 0.000000 
Datos3b279237.txt 0.563801 55309.758970 14.686000 15.028000 Misc 0.000000 0.000000 
Datos3b279333.txt 1.000000 55309.758970 15.113000 15.553000 Misc 0.000000 0.000000 
Datos3b279252.txt 1.995487 55309.758970 13.098000 13.230000 Misc 0.000000 0.000000 
Datos3b279176.txt 3.103789 56160.600013 14.606000 14.844000 Misc 0.000000 0.000000 
Datos3b279325.txt 1.000000 55309.758970 15.640000 16.168000 Misc 0.000000 0.000000 
Datos3b279382.txt 1.000000 55309.758970 15.126000 15.492000 Misc 0.000000 0.000000 
Datos3b279110.txt 1.000000 55309.758970 15.519000 15.996000 Misc 0.000000 0.000000 
Datos3b27971.txt 1.000000 55309.758970 13.192000 13.488000 Misc 0.000000 0.000000 
Datos3b279627.txt 1.000000 55818.523900 14.747000 15.080000 Misc 0.000000 0.000000 
Datos3b27988.txt 1.000000 55309.758970 15.702000 16.510000 Misc 0.000000 0.000000 
Datos3b279304.txt 1.000000 55309.758970 15.897000 16.395000 Misc 0.000000 0.000000 
Datos3b279123.txt 1.000000 55309.758970 12.960000 13.149000 Misc 0.000000 0.000000 
Datos3b279680.txt 1.000000 55309.758970 15.362000 15.821000 Misc 0.000000 0.000000 
Datos3b279269.txt 4.158940 56160.600013 13.321000 13.487000 Misc 0.000000 0.000000 
Datos3b279558.txt 0.322398 55309.758970 15.527000 15.970000 Misc 0.000000 0.000000 
Datos3b279409.txt 1.000000 55309.758970 15.463000 15.706000 Misc 0.000000 0.000000 
Datos3b279156.txt 1.000000 55309.758970 15.142000 15.592000 Misc 0.000000 0.000000 
Datos3b27996.txt 1.000000 55309.758970 15.041000 15.426000 Misc 0.000000 0.000000 
Datos3b279458.txt 1.000000 55309.758970 15.721000 16.332000 Misc 0.000000 0.000000 
Datos3b279621.txt 1.000000 55309.758970 16.176000 16.673000 Misc 0.000000 0.000000 
Datos3b27970.txt 1.000000 56484.587456 11.999000 12.227000 Misc 0.000000 0.000000 
Datos3b279510.txt 0.609117 55309.758970 15.844000 16.410000 Misc 0.000000 0.000000 
Datos3b279639.txt 0.290696 55309.758970 12.614000 12.848000 Misc 0.000000 0.000000 
Datos3b279254.txt 2.549391 55309.758970 15.148000 15.524000 Misc 0.000000 0.000000 
Datos3b279411.txt 3.790744 55309.758970 15.486000 15.984000 Misc 0.000000 0.000000 
Datos3b279445.txt 0.332451 55309.758970 12.852000 13.064000 Misc 0.000000 0.000000 
Datos3b279595.txt 0.536599 55818.523900 12.803000 12.948000 Misc 0.000000 0.000000 
Datos3b27967.txt 0.997067 55309.758970 15.212000 15.604000 Misc 0.000000 0.000000 
Datos3b279465.txt 1.000000 55309.758970 15.701000 16.188000 Misc 0.000000 0.000000 
Datos3b279413.txt 7.645941 55309.758970 12.621000 12.856000 Misc 0.000000 0.000000 
Datos3b27928.txt 1.000000 55309.758970 15.847000 16.468000 Misc 0.000000 0.000000 
Datos3b279192.txt 1.000000 55309.758970 15.901000 16.725000 Misc 0.000000 0.000000 
Datos3b279397.txt 1.000000 55309.758970 15.983000 16.574000 Misc 0.000000 0.000000 
Datos3b279425.txt 0.553955 55309.758970 15.858000 16.485000 Misc 0.000000 0.000000 
Datos3b279184.txt 1.000000 55309.758970 14.171000 14.451000 Misc 0.000000 0.000000 
Datos3b279603.txt 0.332451 55309.758970 15.722000 16.171000 Misc 0.000000 0.000000 
Datos3b279251.txt 1.000000 55309.758970 12.992000 13.153000 Misc 0.000000 0.000000 
Datos3b279496.txt 0.383005 55309.758970 15.840000 16.381000 Misc 0.000000 0.000000 
Datos3b279234.txt 1.568693 55309.758970 15.991000 16.558000 Misc 0.000000 0.000000 
Datos3b279338.txt 0.322437 55309.758970 14.564000 14.791000 Misc 0.000000 0.000000 
Datos3b27945.txt 0.795944 55818.523900 15.081000 15.740000 Misc 0.000000 0.000000 
Datos3b279653.txt 1.507959 55309.758970 15.529000 15.969000 Misc 0.000000 0.000000 
Datos3b279689.txt 0.997256 55309.758970 15.748000 16.279000 Misc 0.000000 0.000000 
Datos3b279580.txt 5.492711 55309.758970 14.722000 14.997000 Misc 0.000000 0.000000 
Datos3b279507.txt 3.220513 55818.523900 13.631000 13.805000 Misc 0.000000 0.000000 
Datos3b279310.txt 0.501998 55309.758970 15.532000 15.971000 Misc 0.000000 0.000000 
Datos3b279321.txt 0.716078 55309.758970 16.113000 16.922000 Misc 0.000000 0.000000 
Datos3b279319.txt 4.371230 55309.758970 15.550000 16.244000 Misc 0.000000 0.000000 
Datos3b279299.txt 1.000000 55309.758970 15.590000 16.357000 Misc 0.000000 0.000000 
Datos3b279173.txt 0.588199 55309.758970 15.723000 16.265000 Misc 0.000000 0.000000 
Datos3b279605.txt 1.000000 55309.758970 13.474000 13.781000 Misc 0.000000 0.000000 
Datos3b279587.txt 1.000000 55309.758970 12.841000 12.993000 Misc 0.000000 0.000000 
Datos3b279219.txt 1.000000 56160.600013 12.797000 12.965000 Misc 0.000000 0.000000 
Datos3b279475.txt 0.600574 55309.758970 15.606000 16.030000 Misc 0.000000 0.000000 
Datos3b27932.txt 1.000000 55309.758970 15.639000 16.399000 Misc 0.000000 0.000000 
Datos3b279695.txt 1.486977 55309.758970 15.502000 16.161000 Misc 0.000000 0.000000 
Datos3b279151.txt 0.255429 55309.758970 15.623000 16.130000 Misc 0.000000 0.000000 
Datos3b279171.txt 1.000000 55309.758970 15.795000 16.324000 Misc 0.000000 0.000000 
Datos3b279532.txt 1.000000 55309.758970 15.932000 16.421000 Misc 0.000000 0.000000 
Datos3b279307.txt 1.000000 55818.523900 14.428000 14.642000 Misc 0.000000 0.000000 
Datos3b279296.txt 0.997125 55309.758970 15.706000 16.122000 Misc 0.000000 0.000000 
Datos3b27922.txt 1.000000 55309.758970 15.313000 15.705000 Misc 0.000000 0.000000 
Datos3b279188.txt 0.328624 55309.758970 15.816000 16.216000 Misc 0.000000 0.000000 
Datos3b279329.txt 0.499073 55309.758970 15.074000 15.451000 Misc 0.000000 0.000000 
Datos3b279536.txt 0.877503 55309.758970 12.732000 13.026000 Misc 0.000000 0.000000 
Datos3b27989.txt 1.000000 55309.758970 15.578000 16.211000 Misc 0.000000 0.000000 
Datos3b279529.txt 0.225009 55309.758970 15.693000 16.212000 Misc 0.000000 0.000000 
Datos3b279501.txt 1.000000 56160.600013 12.774000 12.893000 Misc 0.000000 0.000000 
Datos3b279124.txt 1.148080 55309.758970 15.185000 16.035000 Misc 0.000000 0.000000 
Datos3b27990.txt 0.826678 55309.758970 15.884000 16.470000 Misc 0.000000 0.000000 
Datos3b279174.txt 1.000000 55309.758970 15.304000 15.743000 Misc 0.000000 0.000000 
Datos3b279216.txt 0.461763 55309.758970 15.613000 15.989000 Misc 0.000000 0.000000 
Datos3b279375.txt 1.000000 55309.758970 12.499000 12.706000 Misc 0.000000 0.000000 
Datos3b279150.txt 0.997102 55309.758970 13.192000 13.436000 Misc 0.000000 0.000000 
Datos3b279146.txt 1.000000 55818.523900 15.024000 15.259000 Misc 0.000000 0.000000 
Datos3b279698.txt 1.000000 55309.758970 14.716000 15.104000 Misc 0.000000 0.000000 
Datos3b279374.txt 0.331165 55309.758970 13.021000 13.186000 Misc 0.000000 0.000000 
Datos3b279366.txt 1.000000 55309.758970 15.035000 15.341000 Misc 0.000000 0.000000 
Datos3b27920.txt 1.000000 55309.758970 15.914000 16.472000 Misc 0.000000 0.000000 
Datos3b279513.txt 0.343107 55818.523900 12.687000 12.796000 Misc 0.000000 0.000000 
Datos3b279620.txt 0.710139 55309.758970 12.657000 12.765000 Misc 0.000000 0.000000 
Datos3b279686.txt 4.373242 55309.758970 15.406000 15.888000 Misc 0.000000 0.000000 
Datos3b279554.txt 1.000000 55309.758970 12.461000 12.620000 Misc 0.000000 0.000000 
Datos3b279119.txt 1.000000 55309.758970 14.890000 15.340000 Misc 0.000000 0.000000 
Datos3b279643.txt 1.000000 55309.758970 14.497000 14.849000 Misc 0.000000 0.000000 
Datos3b279357.txt 0.795944 55309.758970 16.026000 16.784000 Misc 0.000000 0.000000 
Datos3b279242.txt 1.000000 55309.758970 15.863000 16.411000 Misc 0.000000 0.000000 
Datos3b279487.txt 1.000000 55309.758970 15.718000 16.273000 Misc 0.000000 0.000000 
Datos3b279220.txt 0.206149 55309.758970 15.673000 16.287000 Misc 0.000000 0.000000 
Datos3b279193.txt 0.199447 55309.758970 15.281000 15.696000 Misc 0.000000 0.000000 
Datos3b27915.txt 0.996988 55309.758970 15.545000 15.874000 Misc 0.000000 0.000000 
Datos3b279327.txt 0.265767 55309.758970 14.939000 15.286000 Misc 0.000000 0.000000 
Datos3b279233.txt 1.000000 55309.758970 16.175000 16.725000 Misc 0.000000 0.000000 
Datos3b279697.txt 3.966316 55309.758970 15.798000 16.332000 Misc 0.000000 0.000000 
Datos3b279247.txt 0.442357 55309.758970 12.241000 12.418000 Misc 0.000000 0.000000 
Datos3b279235.txt 1.109310 55309.758970 15.272000 15.603000 Misc 0.000000 0.000000 
Datos3b279401.txt 1.196190 55818.523900 12.379000 12.599000 Misc 0.000000 0.000000 
Datos3b279574.txt 0.254423 55309.758970 15.436000 15.771000 Misc 0.000000 0.000000 
Datos3b279197.txt 0.634143 55309.758970 15.051000 15.372000 Misc 0.000000 0.000000 
Datos3b279460.txt 0.498579 55309.758970 15.386000 15.808000 Misc 0.000000 0.000000 
Datos3b279450.txt 0.293355 55309.758970 15.650000 16.096000 Misc 0.000000 0.000000 
Datos3b2799.txt 0.332451 55309.758970 15.239000 15.621000 Misc 0.000000 0.000000 
Datos3b279108.txt 1.000000 55309.758970 15.773000 16.573000 Misc 0.000000 0.000000 
Datos3b279393.txt 1.513253 56160.600013 12.256000 12.365000 Misc 0.000000 0.000000 
Datos3b27995.txt 1.000000 55309.758970 14.944000 15.323000 Misc 0.000000 0.000000 
Datos3b279645.txt 0.930891 55309.758970 13.659000 13.943000 Misc 0.000000 0.000000 
Datos3b279147.txt 1.000000 55309.758970 13.324000 13.458000 Misc 0.000000 0.000000 
Datos3b279342.txt 0.484009 55309.758970 15.882000 16.387000 Misc 0.000000 0.000000 
Datos3b27984.txt 2.109742 55818.523900 12.846000 13.067000 Misc 0.000000 0.000000 
Datos3b279598.txt 1.000000 55309.758970 14.750000 14.898000 Misc 0.000000 0.000000 
Datos3b279648.txt 0.553638 55309.758970 16.319000 17.023000 Misc 0.000000 0.000000 
Datos3b279419.txt 0.996191 55309.758970 15.765000 16.070000 Misc 0.000000 0.000000 
Datos3b279692.txt 1.000000 56160.600013 12.728000 12.874000 Misc 0.000000 0.000000 
Datos3b279541.txt 1.000000 55309.758970 12.758000 12.961000 Misc 0.000000 0.000000 
Datos3b279255.txt 1.000000 55309.758970 13.134000 13.361000 Misc 0.000000 0.000000 
Datos3b279376.txt 0.999827 55309.758970 15.228000 15.454000 Misc 0.000000 0.000000 
Datos3b279376.txt 1.000000 55309.758970 15.228000 15.454000 Misc 0.000000 0.000000 
Datos3b279518.txt 1.000000 55309.758970 14.337000 14.620000 Misc 0.000000 0.000000 
Datos3b27950.txt 0.520840 55309.758970 15.369000 15.859000 Misc 0.000000 0.000000 
Datos3b279578.txt 1.000000 55309.758970 15.196000 15.394000 Misc 0.000000 0.000000 
Datos3b279287.txt 0.865271 55309.758970 15.400000 15.890000 Misc 0.000000 0.000000 
Datos3b279126.txt 0.731113 55309.758970 15.765000 16.151000 Misc 0.000000 0.000000 
Datos3b279559.txt 0.496153 56160.600013 12.886000 13.008000 Misc 0.000000 0.000000 
Datos3b27992.txt 1.000000 55309.758970 12.645000 12.828000 Misc 0.000000 0.000000 
Datos3b279407.txt 0.509270 55309.758970 15.884000 16.364000 Misc 0.000000 0.000000 
Datos3b279389.txt -31.607843 55309.758970 13.989000 14.318000 Misc 0.000000 0.000000 
Datos3b279341.txt 1.022194 55309.758970 15.411000 15.875000 Misc 0.000000 0.000000 
Datos3b279128.txt 1.000000 56160.600013 13.012000 13.180000 Misc 0.000000 0.000000 
Datos3b279113.txt 1.000000 55309.758970 13.942000 14.060000 Misc 0.000000 0.000000 
Datos3b279593.txt 2.053991 55309.758970 15.012000 15.429000 Misc 0.000000 0.000000 
Datos3b279158.txt 1.000000 55309.758970 15.766000 16.151000 Misc 0.000000 0.000000 
Datos3b279118.txt 0.292055 56160.600013 13.439000 13.641000 Misc 0.000000 0.000000 
Datos3b279198.txt 1.000000 55309.758970 12.940000 13.100000 Misc 0.000000 0.000000 
Datos3b279261.txt 1.000000 56160.600013 12.737000 12.896000 Misc 0.000000 0.000000 
Datos3b279693.txt 0.735066 55309.758970 15.015000 15.420000 Misc 0.000000 0.000000 
Datos3b279399.txt 0.506440 55309.758970 15.401000 15.835000 Misc 0.000000 0.000000 
Datos3b279634.txt 0.999900 55309.758970 13.812000 13.882000 Misc 0.000000 0.000000 
Datos3b279512.txt 0.467653 55309.758970 15.401000 15.868000 Misc 0.000000 0.000000 
Datos3b279386.txt 0.331436 55309.758970 15.731000 16.101000 Misc 0.000000 0.000000 
Datos3b279520.txt 0.258292 55309.758970 15.669000 16.229000 Misc 0.000000 0.000000 
Datos3b279199.txt 0.997074 55309.758970 11.940000 12.122000 Misc 0.000000 0.000000 
Datos3b279572.txt 1.000000 55309.758970 15.168000 15.323000 Misc 0.000000 0.000000 
Datos3b279125.txt 1.000000 55309.758970 14.056000 14.248000 Misc 0.000000 0.000000 
Datos3b279665.txt 0.499249 55309.758970 15.655000 16.189000 Misc 0.000000 0.000000 
Datos3b279652.txt 0.556438 55309.758970 15.667000 16.204000 Misc 0.000000 0.000000 
Datos3b279226.txt 1.000000 55309.758970 16.002000 16.629000 Misc 0.000000 0.000000 
Datos3b27929.txt 1.000000 55309.758970 13.892000 14.022000 Misc 0.000000 0.000000 
Datos3b279577.txt 3.722864 55309.758970 12.128000 12.250000 Misc 0.000000 0.000000 
Datos3b279109.txt 1.187915 56484.587456 12.217000 12.393000 Misc 0.000000 0.000000 
Datos3b279223.txt 1.207491 55309.758970 15.680000 16.207000 Misc 0.000000 0.000000 
Datos3b279101.txt 0.259206 55309.758970 15.721000 16.161000 Misc 0.000000 0.000000 
Datos3b279459.txt 1.000000 55309.758970 15.936000 16.602000 Misc 0.000000 0.000000 
Datos3b279609.txt 1.000000 55309.758970 15.955000 16.521000 Misc 0.000000 0.000000 
Datos3b279306.txt 1.000000 55309.758970 15.280000 15.732000 Misc 0.000000 0.000000 
Datos3b279589.txt 1.000000 56160.600013 13.693000 13.880000 Misc 0.000000 0.000000 
Datos3b279626.txt 1.000000 55309.758970 12.570000 12.725000 Misc 0.000000 0.000000 
Datos3b279674.txt 0.662012 55309.758970 15.130000 15.440000 Misc 0.000000 0.000000 
Datos3b279481.txt 1.000000 55309.758970 12.552000 12.687000 Misc 0.000000 0.000000 
Datos3b279489.txt 4.672464 55309.758970 15.342000 15.708000 Misc 0.000000 0.000000 
Datos3b279618.txt 1.000000 55309.758970 15.728000 16.259000 Misc 0.000000 0.000000 
Datos3b27959.txt 1.000000 55309.758970 14.688000 15.276000 Misc 0.000000 0.000000 
Datos3b279391.txt 1.000000 55309.758970 15.282000 15.695000 Misc 0.000000 0.000000 
Datos3b279432.txt 1.000000 56160.600013 12.576000 12.742000 Misc 0.000000 0.000000 
Datos3b279154.txt 1.000000 55309.758970 16.061000 16.576000 Misc 0.000000 0.000000 
Datos3b279654.txt 0.206006 55309.758970 15.791000 16.513000 Misc 0.000000 0.000000 
Datos3b279592.txt 0.770149 55309.758970 15.211000 15.684000 Misc 0.000000 0.000000 
Datos3b279115.txt 1.000000 55309.758970 15.441000 16.078000 Misc 0.000000 0.000000 
Datos3b279361.txt 0.267944 55309.758970 12.474000 12.798000 Misc 0.000000 0.000000 
Datos3b279351.txt 1.000000 55309.758970 12.994000 13.142000 Misc 0.000000 0.000000 
Datos3b279300.txt 1.000000 55309.758970 12.587000 12.715000 Misc 0.000000 0.000000 
Datos3b279683.txt 1.000000 55309.758970 15.015000 15.337000 Misc 0.000000 0.000000 
Datos3b279256.txt 0.365827 55309.758970 13.937000 14.105000 Misc 0.000000 0.000000 
Datos3b27954.txt 1.000000 55309.758970 12.923000 13.152000 Misc 0.000000 0.000000 
Datos3b279672.txt 1.000000 55309.758970 14.021000 14.327000 Misc 0.000000 0.000000 
Datos3b279371.txt 10.965986 55309.758970 14.895000 15.301000 Misc 0.000000 0.000000 
Datos3b279463.txt 0.577416 55309.758970 14.083000 14.212000 Misc 0.000000 0.000000 
Datos3b279504.txt 5.777778 55309.758970 15.252000 15.558000 Misc 0.000000 0.000000 
Datos3b27955.txt 0.424322 55309.758970 13.119000 13.344000 Misc 0.000000 0.000000 
Datos3b279479.txt 2.746167 55309.758970 15.199000 15.504000 Misc 0.000000 0.000000 
Datos3b279139.txt 1.801117 55309.758970 15.810000 16.360000 Misc 0.000000 0.000000 
Datos3b2798.txt 1.000000 55309.758970 13.509000 13.609000 Misc 0.000000 0.000000 
Datos3b279553.txt 0.333540 55309.758970 13.157000 13.307000 Misc 0.000000 0.000000 
Datos3b279678.txt 1.000000 56160.600013 12.765000 12.943000 Misc 0.000000 0.000000 
Datos3b279155.txt 1.000000 55309.758970 12.903000 12.999000 Misc 0.000000 0.000000 
Datos3b279280.txt 1.000000 56160.600013 12.981000 13.144000 Misc 0.000000 0.000000 
Datos3b279131.txt 1.000000 55309.758970 15.063000 15.435000 Misc 0.000000 0.000000 
Datos3b279114.txt 0.765642 55309.758970 16.047000 16.620000 Misc 0.000000 0.000000 
Datos3b279410.txt 1.000000 55309.758970 15.177000 15.321000 Misc 0.000000 0.000000 
Datos3b279387.txt 0.226373 55309.758970 14.548000 14.737000 Misc 0.000000 0.000000 
Datos3b279688.txt 1.000000 55309.758970 15.286000 16.291000 Misc 0.000000 0.000000 
Datos3b279301.txt 1.000000 55309.758970 14.414000 14.623000 Misc 0.000000 0.000000 
Datos3b279167.txt 1.000000 55309.758970 15.834000 16.404000 Misc 0.000000 0.000000 
Datos3b279238.txt 1.000000 55818.523900 14.464000 14.627000 Misc 0.000000 0.000000 
Datos3b279448.txt 1.000000 55309.758970 15.217000 15.562000 Misc 0.000000 0.000000 
Datos3b279640.txt 1.000000 55309.758970 13.788000 13.954000 Misc 0.000000 0.000000 
Datos3b279495.txt 1.151017 55309.758970 15.986000 16.596000 Misc 0.000000 0.000000 
Datos3b279164.txt 1.000000 55309.758970 15.726000 16.285000 Misc 0.000000 0.000000 
Datos3b279263.txt 1.000000 55309.758970 15.756000 16.292000 Misc 0.000000 0.000000 
Datos3b279266.txt 1.000000 55309.758970 15.571000 16.021000 Misc 0.000000 0.000000 
Datos3b279210.txt 0.224294 55309.758970 15.236000 15.443000 Misc 0.000000 0.000000 
Datos3b279544.txt 0.260126 55309.758970 14.648000 15.096000 Misc 0.000000 0.000000 
Datos3b2796.txt 1.000000 55309.758970 15.464000 15.874000 Misc 0.000000 0.000000 
Datos3b279416.txt 1.000000 55309.758970 15.651000 16.135000 Misc 0.000000 0.000000 
Datos3b279586.txt 0.496153 55309.758970 15.878000 16.470000 Misc 0.000000 0.000000 
Datos3b279628.txt 0.229517 55818.523900 15.854000 16.346000 Misc 0.000000 0.000000 
Datos3b279274.txt 0.392501 55309.758970 15.146000 15.525000 Misc 0.000000 0.000000 
Datos3b279181.txt 1.000000 55818.523900 13.490000 13.624000 Misc 0.000000 0.000000 
Datos3b27983.txt 1.000000 55309.758970 15.122000 15.420000 Misc 0.000000 0.000000 
Datos3b279316.txt 1.000000 55309.758970 15.751000 16.275000 Misc 0.000000 0.000000 
Datos3b279314.txt 1.000000 55309.758970 15.325000 15.457000 Misc 0.000000 0.000000 
Datos3b279661.txt 1.000000 55309.758970 14.921000 15.103000 Misc 0.000000 0.000000 
Datos3b279162.txt 0.405535 55309.758970 12.662000 12.898000 Misc 0.000000 0.000000 
Datos3b279284.txt 1.668329 55309.758970 14.969000 15.332000 Misc 0.000000 0.000000 
Datos3b279540.txt 1.000000 55309.758970 14.013000 14.149000 Misc 0.000000 0.000000 
Datos3b279449.txt 2.646962 56160.600013 13.152000 13.294000 Misc 0.000000 0.000000 
Datos3b279591.txt 0.560696 55309.758970 15.768000 16.297000 Misc 0.000000 0.000000 
Datos3b27921.txt 1.497667 55309.758970 15.527000 15.975000 Misc 0.000000 0.000000 
Datos3b279561.txt 1.000000 55309.758970 15.709000 16.273000 Misc 0.000000 0.000000 
Datos3b279288.txt 0.633399 56160.600013 12.584000 12.728000 Misc 0.000000 0.000000 
Datos3b279377.txt 1.000000 55309.758970 12.851000 12.963000 Misc 0.000000 0.000000 
Datos3b279647.txt 1.000000 55309.758970 15.277000 15.791000 Misc 0.000000 0.000000 
Datos3b279293.txt 2.218711 55309.758970 14.775000 15.075000 Misc 0.000000 0.000000 
Datos3b27998.txt 0.434384 55309.758970 15.825000 16.386000 Misc 0.000000 0.000000 
Datos3b279268.txt 0.347552 55309.758970 15.215000 15.481000 Misc 0.000000 0.000000 
Datos3b279660.txt 0.996854 55309.758970 13.073000 13.218000 Misc 0.000000 0.000000 
Datos3b279373.txt 0.841410 55309.758970 12.957000 13.119000 Misc 0.000000 0.000000 
Datos3b279230.txt 1.000000 55818.523900 14.640000 14.945000 Misc 0.000000 0.000000 
Datos3b279468.txt 1.474840 55309.758970 14.669000 14.883000 Misc 0.000000 0.000000 
Datos3b279590.txt 0.578400 55309.758970 13.492000 13.617000 Misc 0.000000 0.000000 
Datos3b279682.txt 0.509965 55309.758970 12.598000 12.658000 Misc 0.000000 0.000000 
Datos3b27931.txt 2.010623 55309.758970 15.465000 15.923000 Misc 0.000000 0.000000 
Datos3b279684.txt 0.750116 55818.523900 12.016000 12.152000 Misc 0.000000 0.000000 
Datos3b279362.txt 2.001048 55309.758970 13.163000 13.304000 Misc 0.000000 0.000000 
Datos3b279236.txt 1.000000 55818.523900 12.011000 12.117000 Misc 0.000000 0.000000 
Datos3b279379.txt 3.542857 55309.758970 12.038000 12.161000 Misc 0.000000 0.000000 
Datos3b279246.txt 0.304438 55309.758970 14.978000 15.331000 Misc 0.000000 0.000000 
Datos3b279200.txt 2.554675 56160.600013 12.934000 13.117000 Misc 0.000000 0.000000 
Datos3b27924.txt 0.341308 55309.758970 12.673000 12.830000 Misc 0.000000 0.000000 
Datos3b27942.txt 0.499535 55309.758970 11.819000 12.271000 Misc 0.000000 0.000000 
Datos3b279649.txt 1.997522 55309.758970 13.118000 13.212000 Misc 0.000000 0.000000 
Datos3b279456.txt 0.295825 55309.758970 15.448000 15.835000 Misc 0.000000 0.000000 
Datos3b279607.txt 1.000000 55309.758970 15.994000 16.586000 Misc 0.000000 0.000000 
Datos3b279690.txt 3.146101 55309.758970 16.032000 16.654000 Misc 0.000000 0.000000 
Datos3b279202.txt 1.010901 56160.600013 13.528000 13.677000 Misc 0.000000 0.000000 
Datos3b27972.txt 0.560201 55309.758970 14.363000 14.557000 Misc 0.000000 0.000000 
Datos3b279295.txt 2.554675 55818.523900 13.676000 13.767000 Misc 0.000000 0.000000 
Datos3b279265.txt 0.497633 55309.758970 14.036000 14.245000 Misc 0.000000 0.000000 
Datos3b279241.txt 0.333540 55309.758970 12.723000 12.912000 Misc 0.000000 0.000000 
Datos3b279435.txt 0.417053 55309.758970 15.762000 16.286000 Misc 0.000000 0.000000 
Datos3b279282.txt 1.000000 55309.758970 14.997000 15.318000 Misc 0.000000 0.000000 
Datos3b279455.txt 0.633399 55818.523900 12.769000 12.905000 Misc 0.000000 0.000000 
Datos3b2794.txt 0.224565 55309.758970 16.146000 16.693000 Misc 0.000000 0.000000 
Datos3b279482.txt 1.000000 55309.758970 13.709000 13.829000 Misc 0.000000 0.000000 
Datos3b27940.txt 0.748429 55309.758970 14.984000 15.315000 Misc 0.000000 0.000000 
Datos3b279516.txt 1.000000 55309.758970 15.202000 15.612000 Misc 0.000000 0.000000 
Datos3b279331.txt 1.008173 55309.758970 15.547000 15.977000 Misc 0.000000 0.000000 
Datos3b279488.txt 1.000000 55309.758970 15.679000 16.144000 Misc 0.000000 0.000000 
Datos3b279130.txt 1.441154 55309.758970 13.342000 13.627000 Misc 0.000000 0.000000 
Datos3b279408.txt 4.990712 55309.758970 12.639000 12.793000 Misc 0.000000 0.000000 
Datos3b27953.txt 0.326118 55309.758970 12.848000 13.120000 Misc 0.000000 0.000000 
Datos3b279140.txt 0.634491 55309.758970 14.659000 14.897000 Misc 0.000000 0.000000 
Datos3b279566.txt 0.996819 56160.600013 12.714000 12.856000 Misc 0.000000 0.000000 
Datos3b279116.txt 2.242003 55309.758970 12.969000 13.103000 Misc 0.000000 0.000000 
Datos3b279283.txt 0.514994 55309.758970 13.171000 13.310000 Misc 0.000000 0.000000 
Datos3b27911.txt 0.317635 55309.758970 14.621000 14.941000 Misc 0.000000 0.000000 
Datos3b279183.txt 0.242371 55309.758970 12.647000 12.766000 Misc 0.000000 0.000000 
Datos3b279370.txt 1.000000 55309.758970 12.758000 12.880000 Misc 0.000000 0.000000 
Datos3b279671.txt 0.240489 55309.758970 12.515000 12.681000 Misc 0.000000 0.000000 
Datos3b279224.txt 1.069943 55309.758970 13.042000 13.164000 Misc 0.000000 0.000000 
Datos3b279543.txt 0.388340 55309.758970 15.680000 16.170000 Misc 0.000000 0.000000 
Datos3b279480.txt 0.297413 55818.523900 14.682000 14.911000 Misc 0.000000 0.000000 
Datos3b279547.txt 6.272374 55309.758970 15.300000 15.660000 Misc 0.000000 0.000000 
Datos3b279691.txt 1.000000 55309.758970 15.083000 15.461000 Misc 0.000000 0.000000 
Datos3b279336.txt 1.000000 55309.758970 12.665000 12.803000 Misc 0.000000 0.000000 
Datos3b279178.txt 0.421110 55309.758970 12.834000 13.123000 Misc 0.000000 0.000000 
Datos3b279440.txt 0.986101 56160.600013 14.305000 14.560000 Misc 0.000000 0.000000 
Datos3b279355.txt 1.000000 55309.758970 12.736000 12.913000 Misc 0.000000 0.000000 
Datos3b279655.txt 0.335065 55818.523900 13.757000 13.935000 Misc 0.000000 0.000000 
Datos3b279311.txt 4.143959 55818.523900 12.168000 12.335000 Misc 0.000000 0.000000 
Datos3b279464.txt 0.291132 55309.758970 13.444000 13.592000 Misc 0.000000 0.000000 
Datos3b279132.txt 0.436975 55309.758970 15.882000 16.462000 Misc 0.000000 0.000000 
Datos3b279356.txt 1.000000 55818.523900 14.285000 14.526000 Misc 0.000000 0.000000 
Datos3b27947.txt 0.855172 55309.758970 14.894000 15.143000 Misc 0.000000 0.000000 
Datos3b279349.txt 1.000000 55309.758970 12.903000 13.017000 Misc 0.000000 0.000000 
Datos3b279276.txt 0.403302 55309.758970 14.798000 15.184000 Misc 0.000000 0.000000 
Datos3b27975.txt 1.536702 55309.758970 14.973000 15.103000 Misc 0.000000 0.000000 
Datos3b279103.txt 0.638939 55309.758970 14.876000 15.116000 Misc 0.000000 0.000000 
Datos3b279613.txt 1.000000 55309.758970 15.429000 15.791000 Misc 0.000000 0.000000 
Datos3b279191.txt 0.288394 55309.758970 13.860000 14.052000 Misc 0.000000 0.000000 
Datos3b279157.txt 0.434136 55309.758970 13.739000 13.890000 Misc 0.000000 0.000000 
Datos3b279259.txt 1.000000 55309.758970 15.300000 15.714000 Misc 0.000000 0.000000 
Datos3b279326.txt 1.989871 55309.758970 14.632000 14.921000 Misc 0.000000 0.000000 
Datos3b279608.txt 0.335065 55818.523900 12.647000 12.772000 Misc 0.000000 0.000000 
Datos3b27964.txt 0.627970 56160.600013 12.958000 13.109000 Misc 0.000000 0.000000 
Datos3b27965.txt 1.000000 55818.523900 13.017000 13.146000 Misc 0.000000 0.000000 
Datos3b279526.txt 1.000000 55309.758970 15.134000 15.613000 Misc 0.000000 0.000000 
Datos3b279345.txt 0.327576 55309.758970 12.240000 12.385000 Misc 0.000000 0.000000 
Datos3b279454.txt 1.000000 55309.758970 12.707000 12.821000 Misc 0.000000 0.000000 
Datos3b27914.txt 1.997522 55818.523900 13.983000 14.110000 Misc 0.000000 0.000000 
Datos3b27997.txt 2.312769 55309.758970 14.384000 14.779000 Misc 0.000000 0.000000 
Datos3b27968.txt 0.199826 55309.758970 14.908000 15.311000 Misc 0.000000 0.000000 
Datos3b279134.txt 0.583002 55818.523900 12.261000 12.378000 Misc 0.000000 0.000000 
Datos3b279165.txt 4.036260 55309.758970 12.672000 12.825000 Misc 0.000000 0.000000 
Datos3b279509.txt 4.990712 55309.758970 13.222000 13.348000 Misc 0.000000 0.000000 
Datos3b279418.txt 1.000000 55309.758970 14.895000 15.209000 Misc 0.000000 0.000000 
Datos3b279142.txt 1.000000 56160.600013 12.784000 12.931000 Misc 0.000000 0.000000 
Datos3b279273.txt 1.000000 55309.758970 15.388000 15.597000 Misc 0.000000 0.000000 
Datos3b279519.txt 1.000000 56160.600013 13.537000 13.680000 Misc 0.000000 0.000000 
Datos3b279364.txt 1.000000 56160.600013 12.538000 12.673000 Misc 0.000000 0.000000 
Datos3b279221.txt 0.536082 55309.758970 14.247000 14.513000 Misc 0.000000 0.000000 
Datos3b279506.txt 2.968692 55309.758970 13.241000 13.942000 Misc 0.000000 0.000000 
Datos3b279346.txt 0.470657 55309.758970 15.574000 16.088000 Misc 0.000000 0.000000 
Datos3b279679.txt 0.322826 55309.758970 15.742000 16.238000 Misc 0.000000 0.000000 
Datos3b27976.txt 7.568075 55818.523900 13.180000 13.336000 Misc 0.000000 0.000000 
Datos3b279685.txt 1.000000 55309.758970 14.749000 14.867000 Misc 0.000000 0.000000 
Datos3b27982.txt 1.000000 55818.523900 13.351000 13.453000 Misc 0.000000 0.000000 
Datos3b279229.txt 0.264222 55818.523900 14.340000 14.557000 Misc 0.000000 0.000000 
Datos3b27981.txt 1.000000 55309.758970 16.018000 16.595000 Misc 0.000000 0.000000 
Datos3b279249.txt 1.000000 55309.758970 12.610000 12.716000 Misc 0.000000 0.000000 
Datos3b279675.txt 1.000000 55309.758970 12.290000 12.437000 Misc 0.000000 0.000000 
Datos3b279677.txt 0.388317 55309.758970 15.114000 15.257000 Misc 0.000000 0.000000 
Datos3b279250.txt 1.000000 56160.600013 13.709000 13.860000 Misc 0.000000 0.000000 
Datos3b279292.txt 0.288370 55309.758970 12.540000 12.697000 Misc 0.000000 0.000000 
Datos3b279308.txt 0.232847 55309.758970 13.292000 13.396000 Misc 0.000000 0.000000 
Datos3b279392.txt 1.000000 55309.758970 13.279000 13.530000 Misc 0.000000 0.000000 
Datos3b27934.txt 1.270292 55309.758970 12.932000 13.091000 Misc 0.000000 0.000000 
Datos3b279472.txt 0.424322 55309.758970 15.718000 16.221000 Misc 0.000000 0.000000 
Datos3b279424.txt 0.393742 55309.758970 14.458000 14.767000 Misc 0.000000 0.000000 
Datos3b279611.txt 1.000000 55818.523900 14.079000 14.214000 Misc 0.000000 0.000000 
Datos3b279122.txt 1.000000 55309.758970 12.554000 12.666000 Misc 0.000000 0.000000 
Datos3b279244.txt 1.997522 55309.758970 14.432000 14.628000 Misc 0.000000 0.000000 
Datos3b27957.txt 0.403302 55309.758970 13.884000 14.047000 Misc 0.000000 0.000000 
Datos3b279320.txt 1.000000 55309.758970 15.580000 16.091000 Misc 0.000000 0.000000 
Datos3b27986.txt 0.326118 55309.758970 12.637000 12.793000 Misc 0.000000 0.000000 
Datos3b279476.txt 1.000000 55309.758970 12.057000 12.217000 Misc 0.000000 0.000000 
Datos3b279588.txt 1.000000 55309.758970 15.788000 16.253000 Misc 0.000000 0.000000 
Datos3b279153.txt 2.968692 55818.523900 13.394000 13.503000 Misc 0.000000 0.000000 
Datos3b279426.txt 2.519028 56160.600013 13.026000 13.135000 Misc 0.000000 0.000000 
Datos3b279515.txt 1.000000 55309.758970 13.253000 13.385000 Misc 0.000000 0.000000 
Datos3b279470.txt 0.278499 55818.523900 12.825000 12.939000 Misc 0.000000 0.000000 
Datos3b279360.txt 1.000000 55309.758970 14.733000 15.159000 Misc 0.000000 0.000000 
Datos3b279208.txt 1.000000 55309.758970 12.503000 12.724000 Misc 0.000000 0.000000 
Datos3b279638.txt 0.627970 56160.600013 12.382000 12.538000 Misc 0.000000 0.000000 
Datos3b279380.txt 1.000000 55309.758970 12.926000 13.035000 Misc 0.000000 0.000000 
Datos3b279279.txt 1.000000 56160.600013 12.915000 13.085000 Misc 0.000000 0.000000 
Datos3b27939.txt 1.000000 55309.758970 15.609000 16.194000 Misc 0.000000 0.000000 
Datos3b279384.txt 1.000000 55309.758970 13.163000 13.373000 Misc 0.000000 0.000000 
Datos3b279137.txt 0.742515 55818.523900 12.837000 12.967000 Misc 0.000000 0.000000 
Datos3b27919.txt 0.633399 55309.758970 15.998000 16.610000 Misc 0.000000 0.000000 
Datos3b279433.txt 0.288400 55309.758970 14.327000 14.456000 Misc 0.000000 0.000000 
Datos3b279339.txt 0.330531 55309.758970 12.756000 12.975000 Misc 0.000000 0.000000 
Datos3b279369.txt 1.000000 55818.523900 14.463000 14.649000 Misc 0.000000 0.000000 
Datos3b279508.txt 1.000000 55309.758970 15.518000 15.988000 Misc 0.000000 0.000000 
Datos3b279493.txt 1.000000 55309.758970 15.052000 15.297000 Misc 0.000000 0.000000 
Datos3b27930.txt 1.000000 55309.758970 14.931000 15.086000 Misc 0.000000 0.000000 
Datos3b279570.txt 1.000000 55309.758970 15.598000 16.036000 Misc 0.000000 0.000000 
Datos3b279451.txt 1.000000 56160.600013 13.161000 13.282000 Misc 0.000000 0.000000 
Datos3b279623.txt 1.000000 55818.523900 13.295000 13.457000 Misc 0.000000 0.000000 
Datos3b279556.txt 1.000000 55309.758970 14.750000 14.956000 Misc 0.000000 0.000000 
Datos3b279275.txt 1.000000 55309.758970 12.023000 12.145000 Misc 0.000000 0.000000 
Datos3b279565.txt 0.720608 55309.758970 15.811000 16.532000 Misc 0.000000 0.000000 
Datos3b279281.txt 1.000000 55309.758970 12.719000 12.837000 Misc 0.000000 0.000000 
Datos3b279657.txt 1.066843 55309.758970 15.488000 16.016000 Misc 0.000000 0.000000 
Datos3b279421.txt 1.000000 55309.758970 12.751000 12.883000 Misc 0.000000 0.000000 
Datos3b279663.txt 0.720608 55818.523900 13.171000 13.297000 Misc 0.000000 0.000000 
Datos3b279583.txt 0.735066 55818.523900 12.620000 12.757000 Misc 0.000000 0.000000 
Datos3b279699.txt 1.115571 55309.758970 13.432000 13.555000 Misc 0.000000 0.000000 
Datos3b279400.txt 1.000000 55818.523900 14.732000 15.045000 Misc 0.000000 0.000000 
Datos3b279160.txt 1.000000 55818.523900 13.390000 13.525000 Misc 0.000000 0.000000 
Datos3b279667.txt 1.000000 55309.758970 13.711000 13.864000 Misc 0.000000 0.000000 
Datos3b27925.txt 0.674209 55309.758970 12.981000 13.103000 Misc 0.000000 0.000000 
Datos3b279257.txt 1.000000 55309.758970 14.557000 14.732000 Misc 0.000000 0.000000 
Datos3b279600.txt 0.444935 55309.758970 13.097000 13.211000 Misc 0.000000 0.000000 
Datos3b279500.txt 2.564111 55309.758970 15.550000 16.200000 Misc 0.000000 0.000000 
Datos3b279227.txt 1.000000 55309.758970 15.952000 16.536000 Misc 0.000000 0.000000 
Datos3b279405.txt 1.000000 55818.523900 13.128000 13.234000 Misc 0.000000 0.000000 
Datos3b279172.txt 1.000000 55309.758970 12.412000 12.485000 Misc 0.000000 0.000000 
Datos3b279535.txt 1.000000 55309.758970 13.075000 13.195000 Misc 0.000000 0.000000 
Datos3b279245.txt 1.000000 55309.758970 14.233000 14.304000 Misc 0.000000 0.000000 
Datos3b279248.txt 1.000000 55818.523900 13.516000 13.627000 Misc 0.000000 0.000000 
Datos3b279630.txt 0.376372 55309.758970 15.700000 16.307000 Misc 0.000000 0.000000 
Datos3b279694.txt 1.000000 55818.523900 12.635000 12.703000 Misc 0.000000 0.000000 
Datos3b279414.txt 1.000000 55818.523900 13.940000 14.071000 Misc 0.000000 0.000000 
Datos3b279133.txt 1.000000 55309.758970 13.046000 13.108000 Misc 0.000000 0.000000 
Datos3b279107.txt 1.000000 55309.758970 15.658000 16.126000 Misc 0.000000 0.000000 
Datos3b27973.txt 3.230461 55818.523900 13.038000 13.143000 Misc 0.000000 0.000000 
Datos3b279624.txt 0.627970 55309.758970 14.350000 14.509000 Misc 0.000000 0.000000 
Datos3b279305.txt 1.000000 55309.758970 12.247000 12.323000 Misc 0.000000 0.000000 
Datos3b279206.txt 0.782145 55309.758970 14.381000 14.488000 Misc 0.000000 0.000000 
Datos3b279289.txt 1.997522 55309.758970 14.590000 14.685000 Misc 0.000000 0.000000 
Datos3b279289.txt 1.997522 55309.758970 14.590000 14.685000 Misc 0.000000 0.000000 
