Datos3b279431.txt 27.887758 55309.758970 13.294000 13.481000 Misc 0.000000 0.000000 
Datos3b279240.txt 31.260801 55309.758970 12.470000 12.663000 Misc 0.000000 0.000000 
Datos3b279335.txt 30.023038 55309.758970 12.486000 12.765000 Misc 0.000000 0.000000 
Datos3b279344.txt 33.425084 55309.758970 12.795000 13.053000 Misc 0.000000 0.000000 
Datos3b279297.txt 1.032711 55309.758970 15.036000 15.423000 Misc 0.000000 0.000000 
Datos3b279552.txt 0.994734 55309.758970 13.867000 14.084000 Misc 0.000000 0.000000 
Datos3b279417.txt 0.962840 55309.758970 14.436000 14.877000 Misc 0.000000 0.000000 
Datos3b27935.txt 0.508762 55309.758970 14.384000 14.740000 Misc 0.000000 0.000000 
Datos3b279402.txt 0.520848 55309.758970 13.741000 14.025000 Misc 0.000000 0.000000 
Datos3b279596.txt 0.979111 55309.758970 13.652000 13.971000 Misc 0.000000 0.000000 
Datos3b279152.txt 1.239779 55309.758970 14.747000 15.047000 Misc 0.000000 0.000000 
Datos3b27923.txt 1.661974 55309.758970 15.389000 16.045000 Misc 0.000000 0.000000 
Datos3b279218.txt 9.041527 55309.758970 12.798000 13.158000 Misc 0.000000 0.000000 
Datos3b279398.txt 0.446518 55309.758970 14.467000 14.803000 Misc 0.000000 0.000000 
Datos3b279135.txt 1.200330 55309.758970 13.806000 14.043000 Misc 0.000000 0.000000 
Datos3b2795.txt 1.271236 55309.758970 14.542000 14.821000 Misc 0.000000 0.000000 
Datos3b279185.txt 1.018625 55309.758970 14.140000 14.441000 Misc 0.000000 0.000000 
Datos3b279179.txt 0.557070 55309.758970 14.650000 15.015000 Misc 0.000000 0.000000 
Datos3b279687.txt 0.829262 55309.758970 13.414000 13.785000 Misc 0.000000 0.000000 
Datos3b279396.txt 2.413319 55309.758970 16.001000 16.684000 Misc 0.000000 0.000000 
Datos3b279111.txt 3.861873 55309.758970 14.450000 14.853000 Misc 0.000000 0.000000 
Datos3b279545.txt 0.609941 55309.758970 14.016000 14.314000 Misc 0.000000 0.000000 
Datos3b279573.txt 4.604980 55309.758970 13.761000 14.069000 Misc 0.000000 0.000000 
Datos3b279428.txt 2.402210 55309.758970 13.009000 13.239000 Misc 0.000000 0.000000 
Datos3b279498.txt 0.333068 55309.758970 14.835000 15.551000 Misc 0.000000 0.000000 
Datos3b27933.txt 3.620648 55309.758970 13.355000 13.565000 Misc 0.000000 0.000000 
Datos3b279681.txt 0.343281 55309.758970 12.895000 13.260000 Misc 0.000000 0.000000 
Datos3b279350.txt 0.214418 55309.758970 14.470000 14.766000 Misc 0.000000 0.000000 
Datos3b27966.txt 0.237897 55309.758970 13.498000 14.045000 Misc 0.000000 0.000000 
Datos3b279537.txt 4.299279 55309.758970 14.268000 14.640000 Misc 0.000000 0.000000 
Datos3b2791.txt 2.527717 55309.758970 13.880000 14.204000 Misc 0.000000 0.000000 
Datos3b279255.txt 0.590328 55309.758970 13.134000 13.361000 Misc 0.000000 0.000000 
Datos3b279636.txt 10.447963 55309.758970 13.776000 14.192000 Misc 0.000000 0.000000 
Datos3b27949.txt 0.598181 55309.758970 14.651000 14.984000 Misc 0.000000 0.000000 
Datos3b279294.txt 3.825095 55309.758970 13.968000 14.255000 Misc 0.000000 0.000000 
Datos3b279102.txt 0.944126 55309.758970 15.148000 15.629000 Misc 0.000000 0.000000 
Datos3b279148.txt 1.201527 55309.758970 14.133000 14.388000 Misc 0.000000 0.000000 
Datos3b279490.txt 6.973163 55309.758970 14.503000 14.962000 Misc 0.000000 0.000000 
Datos3b27985.txt 0.559170 55309.758970 14.649000 14.973000 Misc 0.000000 0.000000 
Datos3b279207.txt 0.777962 55309.758970 15.248000 15.646000 Misc 0.000000 0.000000 
Datos3b279499.txt 0.626709 55309.758970 12.798000 13.094000 Misc 0.000000 0.000000 
Datos3b279212.txt 0.596868 55309.758970 14.145000 14.431000 Misc 0.000000 0.000000 
Datos3b279187.txt 0.293594 55309.758970 15.347000 16.233000 Misc 0.000000 0.000000 
Datos3b279385.txt 0.438983 55309.758970 14.212000 14.568000 Misc 0.000000 0.000000 
Datos3b279381.txt 0.353496 55309.758970 13.828000 14.078000 Misc 0.000000 0.000000 
Datos3b279478.txt 0.752538 55309.758970 12.431000 12.894000 Misc 0.000000 0.000000 
Datos3b279444.txt 0.369260 55309.758970 13.076000 13.346000 Misc 0.000000 0.000000 
Datos3b279328.txt 2.769634 55309.758970 14.659000 14.981000 Misc 0.000000 0.000000 
Datos3b279696.txt 0.790632 55309.758970 14.673000 15.010000 Misc 0.000000 0.000000 
Datos3b279548.txt 1.351550 55309.758970 14.028000 14.357000 Misc 0.000000 0.000000 
Datos3b279662.txt 1.209618 55309.758970 14.217000 14.493000 Misc 0.000000 0.000000 
Datos3b279615.txt 2.768098 55309.758970 14.233000 14.865000 Misc 0.000000 0.000000 
Datos3b279270.txt 0.817641 55309.758970 13.301000 14.014000 Misc 0.000000 0.000000 
Datos3b279521.txt 2.278636 55309.758970 12.784000 13.128000 Misc 0.000000 0.000000 
Datos3b279228.txt 0.715524 55309.758970 13.048000 13.257000 Misc 0.000000 0.000000 
Datos3b279494.txt 1.500028 55309.758970 13.890000 14.119000 Misc 0.000000 0.000000 
Datos3b279434.txt 0.590298 55309.758970 13.994000 14.318000 Misc 0.000000 0.000000 
Datos3b279505.txt 0.388281 55309.758970 15.596000 16.119000 Misc 0.000000 0.000000 
Datos3b279372.txt 0.443344 55309.758970 14.658000 15.018000 Misc 0.000000 0.000000 
Datos3b279568.txt 0.417712 55309.758970 15.581000 16.117000 Misc 0.000000 0.000000 
Datos3b279567.txt 1.490400 55309.758970 15.599000 16.184000 Misc 0.000000 0.000000 
Datos3b279525.txt 0.414771 55309.758970 15.911000 16.456000 Misc 0.000000 0.000000 
Datos3b279168.txt 3.275404 55309.758970 14.496000 15.223000 Misc 0.000000 0.000000 
Datos3b27993.txt 1.461663 55309.758970 14.436000 14.784000 Misc 0.000000 0.000000 
Datos3b279136.txt 1.250864 55309.758970 14.199000 14.546000 Misc 0.000000 0.000000 
Datos3b279538.txt 1.348232 55309.758970 13.007000 13.173000 Misc 0.000000 0.000000 
Datos3b27974.txt 0.403610 55309.758970 12.931000 13.183000 Misc 0.000000 0.000000 
Datos3b279635.txt 3.139263 55309.758970 14.216000 14.652000 Misc 0.000000 0.000000 
