Datos3b278185.txt 0.333331 55820.561995 15.765000 16.399000 Misc 0.000000 0.000000 
Datos3b278409.txt 0.353666 55820.561995 15.272000 15.681000 Misc 0.000000 0.000000 
Datos3b278578.txt 0.249490 55820.561995 16.036000 16.776000 Misc 0.000000 0.000000 
Datos3b278628.txt 0.536007 55820.561995 15.620000 16.171000 Misc 0.000000 0.000000 
Datos3b278184.txt 0.214141 55820.561995 16.004000 16.612000 Misc 0.000000 0.000000 
Datos3b278476.txt 0.457100 55820.561995 13.103000 13.371000 Misc 0.000000 0.000000 
Datos3b27814.txt 0.266606 55820.561995 15.616000 16.102000 Misc 0.000000 0.000000 
Datos3b278269.txt 0.522216 55820.561995 15.948000 16.635000 Misc 0.000000 0.000000 
Datos3b278426.txt 0.352670 55820.561995 15.012000 15.360000 Misc 0.000000 0.000000 
Datos3b278347.txt 0.399314 55820.561995 14.361000 14.687000 Misc 0.000000 0.000000 
Datos3b278297.txt 1.162910 55820.561995 15.531000 16.137000 Misc 0.000000 0.000000 
