Datos3b278502.txt 12.381087 55820.561995 12.226000 12.411000 Misc 0.000000 0.000000 
Datos3b278370.txt 13.151165 55820.561995 13.188000 13.394000 Misc 0.000000 0.000000 
Datos3b27873.txt 0.518057 55820.561995 14.048000 14.286000 Misc 0.000000 0.000000 
Datos3b278390.txt 0.508804 55820.561995 13.311000 13.555000 Misc 0.000000 0.000000 
Datos3b278764.txt 0.251547 55820.561995 14.362000 14.742000 Misc 0.000000 0.000000 
Datos3b278396.txt 1.537871 55820.561995 14.125000 14.364000 Misc 0.000000 0.000000 
Datos3b278797.txt 0.494877 55820.561995 14.412000 14.768000 Misc 0.000000 0.000000 
Datos3b27894.txt 1.000000 55820.561995 15.905000 16.644000 Misc 0.000000 0.000000 
Datos3b278820.txt 0.996846 55820.561995 13.376000 13.591000 Misc 0.000000 0.000000 
Datos3b278308.txt 0.478659 55820.561995 14.457000 14.768000 Misc 0.000000 0.000000 
Datos3b278665.txt 1.082766 55820.561995 14.517000 14.928000 Misc 0.000000 0.000000 
Datos3b278303.txt 0.311453 55820.561995 15.796000 16.342000 Misc 0.000000 0.000000 
Datos3b278241.txt 0.390566 55820.561995 14.655000 15.032000 Misc 0.000000 0.000000 
Datos3b27827.txt 0.529821 55820.561995 14.162000 14.494000 Misc 0.000000 0.000000 
Datos3b278844.txt 0.399281 55820.561995 15.770000 16.364000 Misc 0.000000 0.000000 
Datos3b27828.txt 1.000000 55820.561995 15.990000 16.867000 Misc 0.000000 0.000000 
Datos3b278620.txt 0.286915 55820.561995 14.211000 14.579000 Misc 0.000000 0.000000 
Datos3b278200.txt 0.344554 55820.561995 14.843000 15.185000 Misc 0.000000 0.000000 
Datos3b278299.txt 0.349179 55820.561995 13.472000 13.707000 Misc 0.000000 0.000000 
Datos3b278853.txt 0.407420 55820.561995 13.001000 13.325000 Misc 0.000000 0.000000 
Datos3b278204.txt 0.203634 55820.561995 15.062000 15.467000 Misc 0.000000 0.000000 
Datos3b278465.txt 0.330188 55820.561995 13.242000 13.583000 Misc 0.000000 0.000000 
Datos3b278757.txt 0.478001 55820.561995 14.301000 14.594000 Misc 0.000000 0.000000 
Datos3b278817.txt 0.446582 55820.561995 14.445000 14.838000 Misc 0.000000 0.000000 
Datos3b278835.txt 0.565177 55820.561995 14.164000 14.425000 Misc 0.000000 0.000000 
Datos3b278746.txt 0.228443 55820.561995 14.542000 14.841000 Misc 0.000000 0.000000 
Datos3b278354.txt 0.306099 55820.561995 15.927000 16.602000 Misc 0.000000 0.000000 
Datos3b278114.txt 0.550915 55820.561995 14.627000 15.002000 Misc 0.000000 0.000000 
Datos3b278613.txt 0.895573 55820.561995 15.148000 16.116000 Misc 0.000000 0.000000 
Datos3b278227.txt 0.523952 56484.678742 14.093000 14.375000 Misc 0.000000 0.000000 
Datos3b278437.txt 0.619804 55820.561995 14.831000 15.368000 Misc 0.000000 0.000000 
Datos3b27811.txt 0.474819 55820.561995 15.083000 15.511000 Misc 0.000000 0.000000 
Datos3b278174.txt 0.309531 55820.561995 12.961000 13.152000 Misc 0.000000 0.000000 
Datos3b27865.txt 0.486139 55820.561995 12.050000 12.281000 Misc 0.000000 0.000000 
Datos3b278358.txt 0.207641 55820.561995 15.812000 16.579000 Misc 0.000000 0.000000 
Datos3b278108.txt 0.473944 55820.561995 13.740000 14.023000 Misc 0.000000 0.000000 
Datos3b278151.txt 0.545106 55820.561995 14.031000 14.340000 Misc 0.000000 0.000000 
Datos3b27848.txt 3.181484 55839.524416 14.394000 14.812000 Misc 0.000000 0.000000 
Datos3b278478.txt 4.924271 55820.561995 13.613000 14.139000 Misc 0.000000 0.000000 
Datos3b278214.txt 1.210961 55820.561995 14.087000 14.361000 Misc 0.000000 0.000000 
Datos3b27818.txt 3.959677 55820.561995 14.885000 15.360000 Misc 0.000000 0.000000 
Datos3b278235.txt 0.623543 55820.561995 14.423000 14.833000 Misc 0.000000 0.000000 
Datos3b278247.txt 0.756151 55820.561995 15.184000 15.706000 Misc 0.000000 0.000000 
Datos3b278788.txt 0.441784 55820.561995 13.842000 14.127000 Misc 0.000000 0.000000 
Datos3b278417.txt 3.335360 55820.561995 12.896000 13.233000 Misc 0.000000 0.000000 
Datos3b278606.txt 0.269947 55820.561995 14.981000 15.704000 Misc 0.000000 0.000000 
Datos3b278320.txt 0.454138 55820.561995 14.348000 14.720000 Misc 0.000000 0.000000 
Datos3b278560.txt 0.875144 55820.561995 15.620000 16.336000 Misc 0.000000 0.000000 
Datos3b278525.txt 0.221489 55820.561995 15.029000 15.656000 Misc 0.000000 0.000000 
Datos3b278619.txt 0.235214 55820.561995 15.613000 16.304000 Misc 0.000000 0.000000 
Datos3b278199.txt 1.090873 55820.561995 14.956000 16.027000 Misc 0.000000 0.000000 
Datos3b27897.txt 0.366824 55820.561995 13.158000 13.508000 Misc 0.000000 0.000000 
Datos3b278721.txt 0.473624 55820.561995 14.600000 14.948000 Misc 0.000000 0.000000 
Datos3b278818.txt 0.328780 55820.561995 15.919000 16.631000 Misc 0.000000 0.000000 
Datos3b278534.txt 0.350707 55820.561995 14.582000 14.927000 Misc 0.000000 0.000000 
Datos3b278552.txt 0.853851 55820.561995 14.599000 15.096000 Misc 0.000000 0.000000 
Datos3b27892.txt 0.610936 55820.561995 14.092000 14.461000 Misc 0.000000 0.000000 
Datos3b278364.txt 0.763557 55820.561995 13.716000 14.116000 Misc 0.000000 0.000000 
Datos3b278668.txt 2.772745 55820.561995 13.725000 13.957000 Misc 0.000000 0.000000 
Datos3b278499.txt 2.735283 55820.561995 14.900000 15.452000 Misc 0.000000 0.000000 
Datos3b2788.txt 1.227687 55820.561995 13.806000 14.003000 Misc 0.000000 0.000000 
Datos3b278503.txt 1.331152 55820.561995 14.576000 14.943000 Misc 0.000000 0.000000 
Datos3b278780.txt 1.223483 55820.561995 12.195000 12.439000 Misc 0.000000 0.000000 
Datos3b27843.txt 0.655713 55820.561995 14.549000 14.840000 Misc 0.000000 0.000000 
Datos3b278791.txt 0.700118 55820.561995 13.742000 14.034000 Misc 0.000000 0.000000 
Datos3b278840.txt 0.222391 55820.561995 12.238000 12.415000 Misc 0.000000 0.000000 
