Datos3b278415.txt 0.990955 55820.561995 13.692000 13.929000 Misc 0.000000 0.000000 
Datos3b27891.txt 1.000000 55820.561995 12.777000 12.970000 Misc 0.000000 0.000000 
Datos3b278210.txt 0.997690 55820.561995 13.575000 13.805000 Misc 0.000000 0.000000 
Datos3b278419.txt 0.995198 55820.561995 13.142000 13.313000 Misc 0.000000 0.000000 
Datos3b278254.txt 0.997690 55820.561995 13.244000 13.435000 Misc 0.000000 0.000000 
Datos3b278536.txt 1.001274 55820.561995 12.765000 12.922000 Misc 0.000000 0.000000 
Datos3b278629.txt 25.764706 55820.561995 13.147000 13.332000 Misc 0.000000 0.000000 
Datos3b278570.txt 0.997975 55820.561995 13.659000 13.824000 Misc 0.000000 0.000000 
Datos3b278839.txt 1.000704 55820.561995 13.984000 14.232000 Misc 0.000000 0.000000 
Datos3b278836.txt 0.998079 55820.561995 15.223000 15.682000 Misc 0.000000 0.000000 
Datos3b278634.txt 1.000569 55820.561995 13.253000 13.442000 Misc 0.000000 0.000000 
Datos3b278805.txt 1.000000 55820.561995 15.274000 16.079000 Misc 0.000000 0.000000 
Datos3b278811.txt 1.000000 55820.561995 12.465000 12.630000 Misc 0.000000 0.000000 
Datos3b278663.txt 0.998789 55820.561995 12.722000 12.915000 Misc 0.000000 0.000000 
Datos3b278337.txt 0.999624 55820.561995 13.477000 13.882000 Misc 0.000000 0.000000 
Datos3b278466.txt 1.000000 55820.561995 12.613000 12.792000 Misc 0.000000 0.000000 
Datos3b278744.txt 1.000000 55820.561995 13.447000 13.657000 Misc 0.000000 0.000000 
Datos3b278720.txt 0.421154 55820.561995 13.407000 13.656000 Misc 0.000000 0.000000 
Datos3b278645.txt 1.000000 55820.561995 14.104000 14.698000 Misc 0.000000 0.000000 
Datos3b278207.txt 1.000000 55820.561995 14.838000 15.314000 Misc 0.000000 0.000000 
Datos3b278403.txt 1.000000 55820.561995 15.578000 16.188000 Misc 0.000000 0.000000 
Datos3b278378.txt 0.536006 55806.591492 15.607000 16.124000 Misc 0.000000 0.000000 
Datos3b278830.txt 1.000000 55820.561995 14.768000 15.087000 Misc 0.000000 0.000000 
Datos3b278659.txt 0.998941 55820.561995 14.623000 14.999000 Misc 0.000000 0.000000 
Datos3b278295.txt 1.000000 55820.561995 13.304000 13.509000 Misc 0.000000 0.000000 
Datos3b278680.txt 0.997487 55820.561995 15.874000 16.386000 Misc 0.000000 0.000000 
Datos3b278243.txt 0.997260 55820.561995 15.933000 16.590000 Misc 0.000000 0.000000 
Datos3b278433.txt 1.000000 55820.561995 13.280000 13.503000 Misc 0.000000 0.000000 
Datos3b278590.txt 1.013302 55820.561995 14.223000 14.549000 Misc 0.000000 0.000000 
Datos3b278730.txt 0.999009 55820.561995 13.812000 14.068000 Misc 0.000000 0.000000 
Datos3b278698.txt 1.001813 55820.561995 15.803000 16.340000 Misc 0.000000 0.000000 
Datos3b278845.txt 1.000000 55820.561995 13.800000 14.063000 Misc 0.000000 0.000000 
Datos3b278755.txt 1.000000 55820.561995 12.858000 13.036000 Misc 0.000000 0.000000 
Datos3b2782.txt 1.000000 55820.561995 13.245000 13.505000 Misc 0.000000 0.000000 
Datos3b278495.txt 1.000000 55820.561995 12.656000 12.854000 Misc 0.000000 0.000000 
Datos3b278240.txt 1.001842 56507.495576 15.128000 15.534000 Misc 0.000000 0.000000 
Datos3b278675.txt 0.505336 55820.561995 13.003000 13.249000 Misc 0.000000 0.000000 
Datos3b278475.txt 1.000000 55820.561995 12.706000 12.889000 Misc 0.000000 0.000000 
Datos3b278765.txt 1.000635 55820.561995 12.780000 12.961000 Misc 0.000000 0.000000 
Datos3b278531.txt 1.000000 56507.495576 12.874000 13.087000 Misc 0.000000 0.000000 
Datos3b278309.txt 0.837010 55820.561995 13.359000 13.544000 Misc 0.000000 0.000000 
Datos3b278518.txt 1.000000 55820.561995 14.305000 14.583000 Misc 0.000000 0.000000 
Datos3b278292.txt 1.000000 55820.561995 12.435000 12.600000 Misc 0.000000 0.000000 
Datos3b27864.txt 1.000000 55820.561995 16.046000 16.656000 Misc 0.000000 0.000000 
Datos3b278605.txt 1.000931 55820.561995 13.326000 13.534000 Misc 0.000000 0.000000 
Datos3b278852.txt 0.726669 55820.561995 15.922000 16.593000 Misc 0.000000 0.000000 
Datos3b278156.txt 1.000000 55820.561995 15.458000 15.900000 Misc 0.000000 0.000000 
Datos3b278318.txt 0.996341 55820.561995 16.093000 16.776000 Misc 0.000000 0.000000 
Datos3b278330.txt 0.291611 55820.561995 15.977000 16.535000 Misc 0.000000 0.000000 
Datos3b278280.txt 1.000000 55820.561995 15.247000 15.729000 Misc 0.000000 0.000000 
Datos3b278315.txt 0.598011 55839.524416 13.530000 13.821000 Misc 0.000000 0.000000 
Datos3b278847.txt 1.000000 55820.561995 16.195000 16.933000 Misc 0.000000 0.000000 
Datos3b278824.txt 1.000000 55820.561995 15.845000 16.291000 Misc 0.000000 0.000000 
Datos3b27886.txt 1.000000 55820.561995 12.950000 13.192000 Misc 0.000000 0.000000 
Datos3b278216.txt 1.000000 55820.561995 13.445000 13.623000 Misc 0.000000 0.000000 
Datos3b278666.txt 0.421051 55820.561995 12.941000 13.179000 Misc 0.000000 0.000000 
Datos3b278365.txt 1.000000 55820.561995 15.181000 15.625000 Misc 0.000000 0.000000 
Datos3b278747.txt 1.000000 55820.561995 14.796000 15.118000 Misc 0.000000 0.000000 
Datos3b278779.txt 1.000000 55820.561995 13.169000 13.352000 Misc 0.000000 0.000000 
Datos3b278520.txt 1.000000 55820.561995 15.606000 16.136000 Misc 0.000000 0.000000 
Datos3b27878.txt 1.000000 55820.561995 12.638000 12.959000 Misc 0.000000 0.000000 
Datos3b27896.txt 0.997162 55820.561995 13.017000 13.235000 Misc 0.000000 0.000000 
Datos3b27871.txt 1.000000 55820.561995 14.785000 15.177000 Misc 0.000000 0.000000 
Datos3b278719.txt 0.997125 55820.561995 14.447000 14.722000 Misc 0.000000 0.000000 
Datos3b278439.txt 1.000000 55820.561995 16.088000 16.771000 Misc 0.000000 0.000000 
Datos3b27851.txt 1.000000 55820.561995 15.709000 16.261000 Misc 0.000000 0.000000 
Datos3b278571.txt 0.524017 56507.495576 15.526000 15.937000 Misc 0.000000 0.000000 
Datos3b27868.txt 0.997068 55820.561995 13.156000 13.348000 Misc 0.000000 0.000000 
Datos3b278593.txt 3.005113 55820.561995 13.037000 13.247000 Misc 0.000000 0.000000 
Datos3b27820.txt 0.385685 55820.561995 13.526000 13.709000 Misc 0.000000 0.000000 
Datos3b278331.txt 0.552681 55820.561995 15.659000 16.208000 Misc 0.000000 0.000000 
Datos3b278550.txt 0.291078 55820.561995 14.935000 15.351000 Misc 0.000000 0.000000 
Datos3b278322.txt 0.997256 55820.561995 15.735000 16.367000 Misc 0.000000 0.000000 
Datos3b278469.txt 1.000000 55820.561995 16.193000 16.858000 Misc 0.000000 0.000000 
Datos3b278598.txt 1.000000 55820.561995 15.850000 16.477000 Misc 0.000000 0.000000 
Datos3b278193.txt 0.408201 55820.561995 15.965000 16.647000 Misc 0.000000 0.000000 
Datos3b278420.txt 0.369551 55820.561995 15.605000 16.076000 Misc 0.000000 0.000000 
Datos3b278139.txt 0.537753 55820.561995 15.280000 16.278000 Misc 0.000000 0.000000 
Datos3b278652.txt 1.000000 55820.561995 15.789000 16.632000 Misc 0.000000 0.000000 
Datos3b278111.txt 0.464328 55820.561995 15.266000 15.621000 Misc 0.000000 0.000000 
Datos3b278604.txt 0.616901 55820.561995 15.555000 16.306000 Misc 0.000000 0.000000 
Datos3b278128.txt 0.997327 55820.561995 15.812000 16.435000 Misc 0.000000 0.000000 
Datos3b27846.txt 5.292084 55820.561995 16.072000 16.840000 Misc 0.000000 0.000000 
Datos3b278685.txt 1.000000 55820.561995 16.304000 17.012000 Misc 0.000000 0.000000 
Datos3b278491.txt 0.921899 55820.561995 15.762000 16.261000 Misc 0.000000 0.000000 
Datos3b278599.txt 0.498985 55820.561995 14.877000 15.329000 Misc 0.000000 0.000000 
Datos3b278327.txt 0.998302 55820.561995 15.144000 15.951000 Misc 0.000000 0.000000 
Datos3b278317.txt 0.929047 55820.561995 12.596000 12.821000 Misc 0.000000 0.000000 
Datos3b278766.txt 1.000000 55820.561995 14.394000 14.805000 Misc 0.000000 0.000000 
Datos3b278220.txt 0.751526 55820.561995 15.221000 15.555000 Misc 0.000000 0.000000 
Datos3b278586.txt 3.052265 55820.561995 15.517000 16.061000 Misc 0.000000 0.000000 
Datos3b278562.txt 0.444670 55820.561995 15.687000 16.315000 Misc 0.000000 0.000000 
Datos3b278826.txt 1.000000 55820.561995 15.645000 16.171000 Misc 0.000000 0.000000 
Datos3b278803.txt 1.000000 55820.561995 15.564000 16.092000 Misc 0.000000 0.000000 
Datos3b278648.txt 0.418938 55820.561995 15.080000 15.544000 Misc 0.000000 0.000000 
Datos3b278451.txt 1.000000 55820.561995 15.703000 16.308000 Misc 0.000000 0.000000 
Datos3b278321.txt 1.000399 55820.561995 16.036000 16.574000 Misc 0.000000 0.000000 
Datos3b278425.txt 0.964227 55820.561995 13.750000 13.988000 Misc 0.000000 0.000000 
Datos3b278493.txt 1.995081 55820.561995 15.939000 16.646000 Misc 0.000000 0.000000 
Datos3b278651.txt 1.000000 55820.561995 15.568000 16.035000 Misc 0.000000 0.000000 
Datos3b278349.txt 0.332426 55820.561995 12.646000 13.006000 Misc 0.000000 0.000000 
Datos3b278117.txt 1.000000 55820.561995 15.253000 15.976000 Misc 0.000000 0.000000 
Datos3b278160.txt 1.558719 55820.561995 15.323000 15.788000 Misc 0.000000 0.000000 
Datos3b27847.txt 1.000000 55820.561995 15.014000 15.381000 Misc 0.000000 0.000000 
Datos3b27880.txt 1.000000 55820.561995 15.963000 16.460000 Misc 0.000000 0.000000 
Datos3b2783.txt 1.000000 55820.561995 15.697000 16.452000 Misc 0.000000 0.000000 
Datos3b278169.txt 1.000000 55820.561995 13.103000 13.325000 Misc 0.000000 0.000000 
Datos3b278537.txt 0.355026 55820.561995 15.020000 15.340000 Misc 0.000000 0.000000 
Datos3b278709.txt 1.000000 55820.561995 16.191000 16.848000 Misc 0.000000 0.000000 
Datos3b278340.txt 1.000000 55820.561995 15.381000 15.849000 Misc 0.000000 0.000000 
Datos3b278814.txt 1.000000 55820.561995 15.474000 15.931000 Misc 0.000000 0.000000 
Datos3b278695.txt 0.305599 55820.561995 16.093000 16.737000 Misc 0.000000 0.000000 
Datos3b278657.txt 1.000000 55820.561995 15.797000 16.630000 Misc 0.000000 0.000000 
Datos3b278234.txt 0.331975 55820.561995 15.794000 16.321000 Misc 0.000000 0.000000 
Datos3b278125.txt 1.000000 55820.561995 15.763000 16.326000 Misc 0.000000 0.000000 
Datos3b278638.txt 0.408201 55820.561995 14.794000 15.115000 Misc 0.000000 0.000000 
Datos3b278222.txt 1.300781 55820.561995 14.263000 14.614000 Misc 0.000000 0.000000 
Datos3b278296.txt 1.652941 55820.561995 15.718000 16.813000 Misc 0.000000 0.000000 
Datos3b278162.txt 0.261887 55820.561995 15.976000 16.527000 Misc 0.000000 0.000000 
Datos3b278655.txt 1.000000 55820.561995 15.929000 16.839000 Misc 0.000000 0.000000 
Datos3b278447.txt 1.000000 55820.561995 12.188000 12.365000 Misc 0.000000 0.000000 
Datos3b278259.txt 1.000000 55820.561995 15.815000 16.392000 Misc 0.000000 0.000000 
Datos3b278385.txt 1.000000 55820.561995 15.422000 15.875000 Misc 0.000000 0.000000 
Datos3b278140.txt 1.000000 55820.561995 16.095000 16.753000 Misc 0.000000 0.000000 
Datos3b278106.txt 1.000000 55820.561995 15.953000 16.549000 Misc 0.000000 0.000000 
Datos3b278267.txt 1.000000 55820.561995 13.499000 13.723000 Misc 0.000000 0.000000 
Datos3b278610.txt 0.997173 55820.561995 13.082000 13.286000 Misc 0.000000 0.000000 
Datos3b278703.txt 0.949920 55820.561995 14.424000 14.830000 Misc 0.000000 0.000000 
Datos3b278479.txt 0.997487 55820.561995 14.302000 14.730000 Misc 0.000000 0.000000 
Datos3b278346.txt 2.999227 55820.561995 14.361000 14.652000 Misc 0.000000 0.000000 
Datos3b278283.txt 1.000000 55820.561995 15.634000 16.104000 Misc 0.000000 0.000000 
Datos3b278511.txt 0.350681 55820.561995 15.307000 15.884000 Misc 0.000000 0.000000 
Datos3b278556.txt 1.000000 55820.561995 15.604000 16.084000 Misc 0.000000 0.000000 
Datos3b278667.txt 0.498365 55820.561995 14.907000 15.184000 Misc 0.000000 0.000000 
Datos3b278678.txt 1.000000 55820.561995 13.954000 14.287000 Misc 0.000000 0.000000 
Datos3b278580.txt 0.694962 55820.561995 14.958000 15.308000 Misc 0.000000 0.000000 
Datos3b278523.txt 0.997538 55820.561995 15.496000 15.959000 Misc 0.000000 0.000000 
Datos3b278553.txt 1.000000 55820.561995 14.233000 14.508000 Misc 0.000000 0.000000 
Datos3b278585.txt 1.000000 55820.561995 15.876000 16.548000 Misc 0.000000 0.000000 
Datos3b278462.txt 1.000000 55820.561995 15.521000 16.058000 Misc 0.000000 0.000000 
Datos3b278607.txt 0.996646 55820.561995 15.176000 15.463000 Misc 0.000000 0.000000 
Datos3b278738.txt 1.000000 55820.561995 12.886000 13.106000 Misc 0.000000 0.000000 
Datos3b278312.txt 1.000000 55820.561995 15.710000 16.165000 Misc 0.000000 0.000000 
Datos3b278591.txt 1.000000 55820.561995 16.136000 16.820000 Misc 0.000000 0.000000 
Datos3b278589.txt 1.000000 55820.561995 12.816000 12.966000 Misc 0.000000 0.000000 
Datos3b278484.txt 7.180328 55820.561995 16.022000 16.549000 Misc 0.000000 0.000000 
Datos3b278481.txt 1.000000 55820.561995 14.149000 14.470000 Misc 0.000000 0.000000 
Datos3b278559.txt 1.000000 55820.561995 15.938000 16.593000 Misc 0.000000 0.000000 
Datos3b278787.txt 1.000000 55820.561995 13.180000 13.411000 Misc 0.000000 0.000000 
Datos3b278423.txt 0.618947 55820.561995 16.218000 16.902000 Misc 0.000000 0.000000 
Datos3b278706.txt 0.996358 55820.561995 16.015000 16.691000 Misc 0.000000 0.000000 
Datos3b278250.txt 1.000000 55820.561995 13.195000 13.448000 Misc 0.000000 0.000000 
Datos3b278775.txt 0.308381 55820.561995 13.595000 13.831000 Misc 0.000000 0.000000 
Datos3b278258.txt 1.000000 56507.495576 13.252000 13.556000 Misc 0.000000 0.000000 
Datos3b278232.txt 1.000000 55820.561995 13.922000 14.273000 Misc 0.000000 0.000000 
Datos3b278808.txt 1.000000 55820.561995 15.736000 16.310000 Misc 0.000000 0.000000 
Datos3b278196.txt 1.000000 55820.561995 15.412000 15.838000 Misc 0.000000 0.000000 
Datos3b27870.txt 1.000000 55820.561995 15.479000 16.151000 Misc 0.000000 0.000000 
Datos3b278751.txt 0.289491 55820.561995 16.086000 16.603000 Misc 0.000000 0.000000 
Datos3b278328.txt 1.000000 55820.561995 16.008000 16.620000 Misc 0.000000 0.000000 
Datos3b278742.txt 1.000000 55820.561995 15.033000 15.566000 Misc 0.000000 0.000000 
Datos3b278517.txt 0.432688 55820.561995 15.789000 16.364000 Misc 0.000000 0.000000 
Datos3b278841.txt 1.000000 55820.561995 15.702000 16.274000 Misc 0.000000 0.000000 
Datos3b278477.txt 1.000000 55820.561995 16.032000 16.564000 Misc 0.000000 0.000000 
Datos3b278526.txt 0.282329 55820.561995 15.773000 16.286000 Misc 0.000000 0.000000 
Datos3b27837.txt 1.000000 55820.561995 16.120000 16.831000 Misc 0.000000 0.000000 
Datos3b278768.txt 0.257647 55820.561995 16.222000 16.995000 Misc 0.000000 0.000000 
Datos3b278124.txt 0.292146 55820.561995 16.216000 16.881000 Misc 0.000000 0.000000 
Datos3b278231.txt 1.000000 55820.561995 15.426000 15.864000 Misc 0.000000 0.000000 
Datos3b278753.txt 0.811863 55820.561995 14.419000 15.030000 Misc 0.000000 0.000000 
Datos3b278691.txt 0.285342 55820.561995 15.988000 16.624000 Misc 0.000000 0.000000 
Datos3b278360.txt 1.000000 55820.561995 14.662000 14.956000 Misc 0.000000 0.000000 
Datos3b278371.txt 1.000000 55820.561995 15.835000 16.387000 Misc 0.000000 0.000000 
Datos3b278773.txt 1.000000 55820.561995 15.578000 16.075000 Misc 0.000000 0.000000 
Datos3b278737.txt 0.238367 55820.561995 15.646000 16.222000 Misc 0.000000 0.000000 
Datos3b278842.txt 2.336000 55820.561995 13.215000 13.398000 Misc 0.000000 0.000000 
Datos3b278783.txt 1.000000 55820.561995 15.306000 15.838000 Misc 0.000000 0.000000 
Datos3b278153.txt 0.222279 55820.561995 15.299000 15.685000 Misc 0.000000 0.000000 
Datos3b278686.txt 1.000000 55820.561995 15.861000 16.406000 Misc 0.000000 0.000000 
Datos3b278837.txt 1.000000 55820.561995 15.543000 16.178000 Misc 0.000000 0.000000 
Datos3b278348.txt 1.000000 55839.524416 13.951000 14.380000 Misc 0.000000 0.000000 
Datos3b278453.txt 1.000000 55820.561995 14.240000 15.054000 Misc 0.000000 0.000000 
Datos3b278464.txt 1.000000 55820.561995 15.977000 16.632000 Misc 0.000000 0.000000 
Datos3b278579.txt 0.267184 55820.561995 13.099000 13.338000 Misc 0.000000 0.000000 
Datos3b278637.txt 0.324264 55820.561995 16.067000 16.568000 Misc 0.000000 0.000000 
Datos3b278154.txt 1.000000 55820.561995 15.777000 16.350000 Misc 0.000000 0.000000 
Datos3b278627.txt 0.581447 55820.561995 14.366000 14.612000 Misc 0.000000 0.000000 
Datos3b278319.txt 1.000000 55820.561995 15.658000 16.211000 Misc 0.000000 0.000000 
Datos3b278274.txt 1.000000 55820.561995 16.067000 16.742000 Misc 0.000000 0.000000 
Datos3b278261.txt 0.539575 55820.561995 12.180000 12.339000 Misc 0.000000 0.000000 
Datos3b278673.txt 0.820209 55820.561995 16.213000 16.889000 Misc 0.000000 0.000000 
Datos3b278277.txt 1.000000 55820.561995 15.650000 16.211000 Misc 0.000000 0.000000 
Datos3b27831.txt 1.000000 56507.495576 12.899000 13.119000 Misc 0.000000 0.000000 
Datos3b278785.txt 1.000000 55820.561995 14.825000 15.122000 Misc 0.000000 0.000000 
Datos3b278547.txt 2.939597 55820.561995 13.457000 13.671000 Misc 0.000000 0.000000 
Datos3b278568.txt 0.465462 55820.561995 15.468000 16.044000 Misc 0.000000 0.000000 
Datos3b278626.txt 2.939597 55820.561995 15.010000 15.321000 Misc 0.000000 0.000000 
Datos3b27852.txt 1.514261 55820.561995 13.165000 13.377000 Misc 0.000000 0.000000 
Datos3b278397.txt 1.000000 55820.561995 15.107000 15.484000 Misc 0.000000 0.000000 
Datos3b278776.txt 0.373930 55820.561995 15.567000 16.039000 Misc 0.000000 0.000000 
Datos3b278145.txt 1.000000 55820.561995 15.503000 15.919000 Misc 0.000000 0.000000 
Datos3b27856.txt 1.000000 55820.561995 16.007000 16.589000 Misc 0.000000 0.000000 
Datos3b278838.txt 1.000000 55820.561995 15.973000 16.842000 Misc 0.000000 0.000000 
Datos3b278428.txt 1.000000 55820.561995 13.341000 13.538000 Misc 0.000000 0.000000 
Datos3b278615.txt 0.828761 55820.561995 15.738000 16.285000 Misc 0.000000 0.000000 
Datos3b278760.txt 1.000000 56507.495576 15.221000 15.661000 Misc 0.000000 0.000000 
Datos3b278352.txt 1.000000 55820.561995 16.135000 16.820000 Misc 0.000000 0.000000 
Datos3b278716.txt 1.000186 55820.561995 12.565000 12.718000 Misc 0.000000 0.000000 
Datos3b278159.txt 1.000000 55820.561995 15.636000 17.018000 Misc 0.000000 0.000000 
Datos3b278458.txt 0.479475 55820.561995 12.949000 13.196000 Misc 0.000000 0.000000 
Datos3b278790.txt 1.000000 55820.561995 16.110000 16.749000 Misc 0.000000 0.000000 
Datos3b278473.txt 1.000000 56507.495576 12.741000 12.952000 Misc 0.000000 0.000000 
Datos3b278470.txt 1.000000 55820.561995 15.692000 16.166000 Misc 0.000000 0.000000 
Datos3b2789.txt 0.319068 55820.561995 14.088000 14.334000 Misc 0.000000 0.000000 
Datos3b278609.txt 1.000000 55820.561995 15.198000 15.864000 Misc 0.000000 0.000000 
Datos3b278494.txt 1.000000 55820.561995 16.066000 16.518000 Misc 0.000000 0.000000 
Datos3b278293.txt 1.000000 55820.561995 15.430000 15.952000 Misc 0.000000 0.000000 
Datos3b278574.txt 1.000000 55820.561995 16.035000 16.649000 Misc 0.000000 0.000000 
Datos3b278641.txt 1.000000 55820.561995 14.789000 15.119000 Misc 0.000000 0.000000 
Datos3b27887.txt 0.680124 55820.561995 15.855000 16.348000 Misc 0.000000 0.000000 
Datos3b27854.txt 1.000000 55820.561995 15.542000 16.057000 Misc 0.000000 0.000000 
Datos3b278284.txt 1.000000 55820.561995 15.868000 16.380000 Misc 0.000000 0.000000 
Datos3b278411.txt 1.000000 55820.561995 15.768000 16.278000 Misc 0.000000 0.000000 
Datos3b278731.txt 1.000000 55820.561995 15.645000 16.071000 Misc 0.000000 0.000000 
Datos3b278602.txt 1.000000 55820.561995 15.300000 15.671000 Misc 0.000000 0.000000 
Datos3b278710.txt 0.423393 55820.561995 15.712000 16.279000 Misc 0.000000 0.000000 
Datos3b278134.txt 1.000000 55820.561995 15.622000 16.125000 Misc 0.000000 0.000000 
Datos3b278592.txt 1.000000 55820.561995 15.791000 16.398000 Misc 0.000000 0.000000 
Datos3b278251.txt 1.000000 55820.561995 13.075000 13.259000 Misc 0.000000 0.000000 
Datos3b278732.txt 1.000000 55820.561995 12.834000 13.008000 Misc 0.000000 0.000000 
Datos3b278399.txt 1.000000 55820.561995 15.394000 15.844000 Misc 0.000000 0.000000 
Datos3b278377.txt 1.000000 55820.561995 13.542000 13.776000 Misc 0.000000 0.000000 
Datos3b278647.txt 1.000000 55820.561995 13.454000 13.738000 Misc 0.000000 0.000000 
Datos3b27883.txt 0.246483 55820.561995 15.590000 16.073000 Misc 0.000000 0.000000 
Datos3b278618.txt 0.265817 55820.561995 13.702000 14.069000 Misc 0.000000 0.000000 
Datos3b27882.txt 1.000000 55820.561995 15.692000 16.198000 Misc 0.000000 0.000000 
Datos3b278471.txt 1.000000 55820.561995 15.509000 16.036000 Misc 0.000000 0.000000 
Datos3b278551.txt 1.000000 55820.561995 13.737000 14.087000 Misc 0.000000 0.000000 
Datos3b278206.txt 1.000000 55820.561995 12.004000 12.328000 Misc 0.000000 0.000000 
Datos3b278323.txt 0.300979 55820.561995 14.446000 14.757000 Misc 0.000000 0.000000 
Datos3b27898.txt 1.000000 55820.561995 15.779000 16.277000 Misc 0.000000 0.000000 
Datos3b278745.txt 1.000000 55820.561995 15.033000 15.740000 Misc 0.000000 0.000000 
Datos3b278413.txt 1.000000 55820.561995 15.660000 16.374000 Misc 0.000000 0.000000 
Datos3b278115.txt 1.000000 55820.561995 15.664000 16.145000 Misc 0.000000 0.000000 
Datos3b278456.txt 1.000000 55820.561995 14.819000 15.310000 Misc 0.000000 0.000000 
Datos3b278122.txt 1.000000 55820.561995 12.618000 12.794000 Misc 0.000000 0.000000 
Datos3b278778.txt 1.000000 55820.561995 14.062000 14.318000 Misc 0.000000 0.000000 
Datos3b278711.txt 1.000000 55820.561995 15.729000 16.639000 Misc 0.000000 0.000000 
Datos3b278561.txt 0.287003 55820.561995 15.612000 16.194000 Misc 0.000000 0.000000 
Datos3b27889.txt 1.000000 55820.561995 15.225000 15.712000 Misc 0.000000 0.000000 
Datos3b278658.txt 1.000000 55820.561995 15.777000 16.539000 Misc 0.000000 0.000000 
Datos3b278565.txt 1.000000 55820.561995 12.620000 12.833000 Misc 0.000000 0.000000 
Datos3b27877.txt 1.000000 55820.561995 15.958000 16.383000 Misc 0.000000 0.000000 
Datos3b278209.txt 1.000000 55820.561995 14.907000 15.288000 Misc 0.000000 0.000000 
Datos3b278380.txt 1.000000 55820.561995 15.901000 16.507000 Misc 0.000000 0.000000 
Datos3b278693.txt 1.000000 55820.561995 15.867000 16.569000 Misc 0.000000 0.000000 
Datos3b278182.txt 1.000000 55820.561995 15.405000 15.875000 Misc 0.000000 0.000000 
Datos3b278756.txt 0.332385 56507.495576 15.164000 15.580000 Misc 0.000000 0.000000 
Datos3b278483.txt 0.330317 55820.561995 15.855000 16.702000 Misc 0.000000 0.000000 
Datos3b278276.txt 1.000000 55820.561995 12.977000 13.357000 Misc 0.000000 0.000000 
Datos3b278573.txt 1.000000 55820.561995 13.092000 13.281000 Misc 0.000000 0.000000 
Datos3b278623.txt 1.000000 55820.561995 15.879000 16.842000 Misc 0.000000 0.000000 
Datos3b27861.txt 1.000000 55820.561995 15.988000 16.795000 Misc 0.000000 0.000000 
Datos3b278660.txt 1.000000 55820.561995 15.531000 16.153000 Misc 0.000000 0.000000 
Datos3b27815.txt 1.000000 55839.524416 16.059000 16.624000 Misc 0.000000 0.000000 
Datos3b278793.txt 1.000000 55820.561995 16.041000 16.597000 Misc 0.000000 0.000000 
Datos3b278786.txt 1.371224 55820.561995 15.415000 15.887000 Misc 0.000000 0.000000 
Datos3b278795.txt 1.000000 55820.561995 15.921000 16.479000 Misc 0.000000 0.000000 
Datos3b278713.txt 1.000000 55820.561995 15.468000 16.049000 Misc 0.000000 0.000000 
Datos3b278100.txt 1.000000 55820.561995 15.703000 16.306000 Misc 0.000000 0.000000 
Datos3b278796.txt 1.000000 55820.561995 15.379000 15.761000 Misc 0.000000 0.000000 
Datos3b278472.txt 1.000000 55820.561995 13.199000 13.369000 Misc 0.000000 0.000000 
Datos3b278684.txt 1.000000 55820.561995 15.688000 16.235000 Misc 0.000000 0.000000 
Datos3b278584.txt 0.750512 55820.561995 14.903000 15.330000 Misc 0.000000 0.000000 
Datos3b278356.txt 1.000000 55820.561995 15.559000 16.021000 Misc 0.000000 0.000000 
Datos3b278712.txt 0.374599 55820.561995 14.213000 14.514000 Misc 0.000000 0.000000 
Datos3b278482.txt 1.000000 55820.561995 15.688000 16.924000 Misc 0.000000 0.000000 
Datos3b278373.txt 1.000000 55820.561995 15.975000 16.631000 Misc 0.000000 0.000000 
Datos3b278253.txt 0.494357 55820.561995 15.379000 15.852000 Misc 0.000000 0.000000 
Datos3b27858.txt 0.828761 55820.561995 13.130000 13.350000 Misc 0.000000 0.000000 
Datos3b278152.txt 0.751535 55820.561995 15.022000 15.327000 Misc 0.000000 0.000000 
Datos3b278412.txt 0.470968 55820.561995 15.381000 15.828000 Misc 0.000000 0.000000 
Datos3b278228.txt 1.000000 55820.561995 15.264000 15.644000 Misc 0.000000 0.000000 
Datos3b27832.txt 1.000000 55820.561995 15.437000 15.876000 Misc 0.000000 0.000000 
Datos3b278264.txt 1.000000 55820.561995 15.502000 15.951000 Misc 0.000000 0.000000 
Datos3b278546.txt 1.000000 55820.561995 12.777000 13.042000 Misc 0.000000 0.000000 
Datos3b278682.txt 1.000000 55820.561995 15.322000 15.726000 Misc 0.000000 0.000000 
Datos3b278149.txt 1.000000 55820.561995 15.481000 16.134000 Misc 0.000000 0.000000 
Datos3b278424.txt 0.306070 55820.561995 14.661000 14.997000 Misc 0.000000 0.000000 
Datos3b27884.txt 1.000000 56507.495576 15.857000 16.530000 Misc 0.000000 0.000000 
Datos3b278632.txt 0.278360 55820.561995 15.224000 15.615000 Misc 0.000000 0.000000 
Datos3b278498.txt 1.000000 55820.561995 13.012000 13.205000 Misc 0.000000 0.000000 
Datos3b278450.txt 1.000000 55820.561995 15.989000 16.567000 Misc 0.000000 0.000000 
Datos3b278646.txt 1.000000 55820.561995 15.095000 15.529000 Misc 0.000000 0.000000 
Datos3b278704.txt 0.752042 55820.561995 15.154000 15.488000 Misc 0.000000 0.000000 
Datos3b27821.txt 1.000000 55820.561995 16.219000 16.898000 Misc 0.000000 0.000000 
Datos3b278816.txt 0.332549 55820.561995 15.582000 16.225000 Misc 0.000000 0.000000 
Datos3b278445.txt 0.997173 55820.561995 13.419000 13.726000 Misc 0.000000 0.000000 
Datos3b27885.txt 1.000000 55820.561995 15.336000 15.747000 Misc 0.000000 0.000000 
Datos3b2786.txt 1.000000 55820.561995 15.495000 15.980000 Misc 0.000000 0.000000 
Datos3b278362.txt 1.000000 55820.561995 16.103000 16.689000 Misc 0.000000 0.000000 
Datos3b2785.txt 1.000000 55820.561995 16.119000 16.806000 Misc 0.000000 0.000000 
Datos3b278454.txt 0.751546 55820.561995 14.982000 15.324000 Misc 0.000000 0.000000 
Datos3b278843.txt 1.000000 55820.561995 15.781000 16.405000 Misc 0.000000 0.000000 
Datos3b278338.txt 1.000000 55820.561995 16.244000 16.881000 Misc 0.000000 0.000000 
Datos3b278127.txt 1.000000 55820.561995 15.922000 16.549000 Misc 0.000000 0.000000 
Datos3b278636.txt 1.000000 55820.561995 16.050000 16.712000 Misc 0.000000 0.000000 
Datos3b278683.txt 1.000000 55820.561995 15.854000 16.606000 Misc 0.000000 0.000000 
Datos3b278301.txt 1.000000 55820.561995 15.676000 16.187000 Misc 0.000000 0.000000 
Datos3b27844.txt 1.000000 55820.561995 15.475000 15.970000 Misc 0.000000 0.000000 
Datos3b278724.txt 1.060533 55820.561995 15.731000 16.361000 Misc 0.000000 0.000000 
Datos3b278260.txt 1.000000 55820.561995 15.796000 16.423000 Misc 0.000000 0.000000 
Datos3b278670.txt 0.930329 55820.561995 15.839000 16.428000 Misc 0.000000 0.000000 
Datos3b278341.txt 1.000000 55820.561995 15.795000 16.363000 Misc 0.000000 0.000000 
Datos3b278146.txt 1.000000 55820.561995 15.844000 16.351000 Misc 0.000000 0.000000 
Datos3b278798.txt 1.000000 55820.561995 15.280000 15.662000 Misc 0.000000 0.000000 
Datos3b278449.txt 1.000000 55820.561995 15.325000 15.692000 Misc 0.000000 0.000000 
Datos3b278538.txt 0.580902 55820.561995 14.922000 15.175000 Misc 0.000000 0.000000 
Datos3b278132.txt 1.000000 55820.561995 14.696000 14.908000 Misc 0.000000 0.000000 
Datos3b278557.txt 1.000000 55820.561995 12.791000 13.027000 Misc 0.000000 0.000000 
Datos3b278625.txt 1.000000 55820.561995 15.287000 15.726000 Misc 0.000000 0.000000 
Datos3b278644.txt 1.104213 55820.561995 15.183000 15.572000 Misc 0.000000 0.000000 
Datos3b278614.txt 1.000000 55820.561995 12.343000 12.625000 Misc 0.000000 0.000000 
Datos3b278179.txt 0.497445 55820.561995 15.800000 16.245000 Misc 0.000000 0.000000 
Datos3b278762.txt 1.000000 55820.561995 15.952000 16.486000 Misc 0.000000 0.000000 
Datos3b278850.txt 1.000000 55820.561995 12.980000 13.059000 Misc 0.000000 0.000000 
Datos3b278144.txt 1.000000 55820.561995 15.639000 16.181000 Misc 0.000000 0.000000 
Datos3b278832.txt 0.480922 55820.561995 15.223000 15.646000 Misc 0.000000 0.000000 
Datos3b278723.txt 0.438452 55820.561995 15.907000 16.465000 Misc 0.000000 0.000000 
Datos3b278527.txt 0.751546 55820.561995 15.003000 15.377000 Misc 0.000000 0.000000 
Datos3b278136.txt 1.000000 55820.561995 15.541000 16.069000 Misc 0.000000 0.000000 
Datos3b278148.txt 0.211748 55820.561995 15.780000 16.398000 Misc 0.000000 0.000000 
Datos3b27819.txt 1.000000 55820.561995 16.081000 16.795000 Misc 0.000000 0.000000 
Datos3b278733.txt 1.000000 55820.561995 16.094000 16.584000 Misc 0.000000 0.000000 
Datos3b27888.txt 1.000000 55820.561995 15.756000 16.329000 Misc 0.000000 0.000000 
Datos3b27881.txt 1.000000 55820.561995 14.070000 15.023000 Misc 0.000000 0.000000 
Datos3b278414.txt 1.000000 55820.561995 15.955000 16.575000 Misc 0.000000 0.000000 
Datos3b278158.txt 0.393090 55820.561995 14.700000 15.097000 Misc 0.000000 0.000000 
Datos3b27893.txt 0.240309 55820.561995 15.100000 15.578000 Misc 0.000000 0.000000 
Datos3b278244.txt 1.242553 55820.561995 15.959000 16.502000 Misc 0.000000 0.000000 
Datos3b278669.txt 0.726669 55820.561995 14.092000 14.295000 Misc 0.000000 0.000000 
Datos3b278198.txt 1.000000 55820.561995 12.228000 12.548000 Misc 0.000000 0.000000 
Datos3b278792.txt 1.000000 55820.561995 15.692000 16.926000 Misc 0.000000 0.000000 
Datos3b278555.txt 1.000000 55820.561995 13.163000 13.351000 Misc 0.000000 0.000000 
Datos3b278107.txt 1.000000 55820.561995 15.719000 16.200000 Misc 0.000000 0.000000 
Datos3b278588.txt 1.000000 55820.561995 15.939000 16.543000 Misc 0.000000 0.000000 
Datos3b278656.txt 0.499961 55820.561995 16.190000 16.922000 Misc 0.000000 0.000000 
Datos3b278566.txt 1.000000 55820.561995 15.571000 16.040000 Misc 0.000000 0.000000 
Datos3b278104.txt 0.311357 55820.561995 15.439000 15.799000 Misc 0.000000 0.000000 
Datos3b278500.txt 1.000000 55820.561995 15.380000 15.840000 Misc 0.000000 0.000000 
Datos3b278642.txt 1.000000 55820.561995 12.279000 12.471000 Misc 0.000000 0.000000 
Datos3b278187.txt 1.000000 55820.561995 15.581000 16.068000 Misc 0.000000 0.000000 
Datos3b278635.txt 0.241622 55820.561995 12.272000 12.569000 Misc 0.000000 0.000000 
Datos3b27853.txt 1.000000 55820.561995 15.953000 16.662000 Misc 0.000000 0.000000 
Datos3b278218.txt 1.000000 55820.561995 15.650000 16.094000 Misc 0.000000 0.000000 
Datos3b278474.txt 1.000000 55820.561995 15.626000 16.169000 Misc 0.000000 0.000000 
Datos3b278391.txt 1.000000 55820.561995 15.607000 16.084000 Misc 0.000000 0.000000 
Datos3b278581.txt 1.000000 55820.561995 15.083000 15.507000 Misc 0.000000 0.000000 
Datos3b278524.txt 1.000000 55820.561995 13.131000 13.388000 Misc 0.000000 0.000000 
Datos3b278170.txt 1.000000 55820.561995 15.477000 16.059000 Misc 0.000000 0.000000 
Datos3b278661.txt 0.730000 55820.561995 12.468000 12.658000 Misc 0.000000 0.000000 
Datos3b278177.txt 1.000000 55820.561995 15.215000 15.621000 Misc 0.000000 0.000000 
Datos3b278569.txt 0.411364 55820.561995 15.404000 15.864000 Misc 0.000000 0.000000 
Datos3b278508.txt 0.453534 55820.561995 15.586000 16.356000 Misc 0.000000 0.000000 
Datos3b278735.txt 0.581444 55820.561995 14.886000 15.154000 Misc 0.000000 0.000000 
Datos3b278379.txt 1.000000 55820.561995 13.194000 13.413000 Misc 0.000000 0.000000 
Datos3b278286.txt 1.000000 55820.561995 12.769000 12.981000 Misc 0.000000 0.000000 
Datos3b278167.txt 1.282003 55820.561995 14.286000 14.630000 Misc 0.000000 0.000000 
Datos3b278594.txt 1.000000 56507.495576 15.362000 15.682000 Misc 0.000000 0.000000 
Datos3b278624.txt 1.000000 55820.561995 15.422000 15.867000 Misc 0.000000 0.000000 
Datos3b278178.txt 1.000000 55820.561995 15.720000 16.127000 Misc 0.000000 0.000000 
Datos3b278123.txt 1.000000 55820.561995 15.851000 16.510000 Misc 0.000000 0.000000 
Datos3b278119.txt 1.000000 55820.561995 15.945000 16.540000 Misc 0.000000 0.000000 
Datos3b278166.txt 1.000000 55820.561995 15.909000 16.431000 Misc 0.000000 0.000000 
Datos3b278519.txt 0.487700 55820.561995 15.378000 15.814000 Misc 0.000000 0.000000 
Datos3b278395.txt 1.000000 55820.561995 14.770000 15.448000 Misc 0.000000 0.000000 
Datos3b278213.txt 1.000000 55820.561995 16.286000 17.011000 Misc 0.000000 0.000000 
Datos3b278325.txt 1.000000 55820.561995 15.821000 16.924000 Misc 0.000000 0.000000 
Datos3b278544.txt 1.000000 55820.561995 14.038000 14.235000 Misc 0.000000 0.000000 
Datos3b278265.txt 0.365991 55820.561995 15.422000 15.878000 Misc 0.000000 0.000000 
Datos3b278505.txt 1.000000 55820.561995 15.561000 16.024000 Misc 0.000000 0.000000 
Datos3b278393.txt 1.000000 55820.561995 13.094000 13.262000 Misc 0.000000 0.000000 
Datos3b278368.txt 1.000000 55820.561995 15.604000 16.039000 Misc 0.000000 0.000000 
Datos3b278572.txt 0.371673 55820.561995 15.672000 16.343000 Misc 0.000000 0.000000 
Datos3b278846.txt 1.000000 55820.561995 15.433000 15.957000 Misc 0.000000 0.000000 
Datos3b278392.txt 1.000000 55820.561995 15.594000 16.091000 Misc 0.000000 0.000000 
Datos3b278459.txt 1.000000 55820.561995 15.872000 16.384000 Misc 0.000000 0.000000 
Datos3b278344.txt 0.751590 55820.561995 15.079000 15.416000 Misc 0.000000 0.000000 
Datos3b278271.txt 1.000000 55820.561995 14.554000 14.830000 Misc 0.000000 0.000000 
Datos3b278650.txt 1.000000 55820.561995 15.851000 16.441000 Misc 0.000000 0.000000 
Datos3b278829.txt 1.000000 55820.561995 15.953000 16.520000 Misc 0.000000 0.000000 
Datos3b278834.txt 1.000000 55820.561995 15.193000 15.631000 Misc 0.000000 0.000000 
Datos3b278381.txt 1.000000 56507.495576 13.904000 14.145000 Misc 0.000000 0.000000 
Datos3b278137.txt 1.422588 55820.561995 15.412000 15.898000 Misc 0.000000 0.000000 
Datos3b278440.txt 0.447199 55820.561995 15.572000 16.079000 Misc 0.000000 0.000000 
Datos3b278554.txt 0.375992 55820.561995 14.950000 15.282000 Misc 0.000000 0.000000 
Datos3b27863.txt 1.010152 55820.561995 15.371000 15.919000 Misc 0.000000 0.000000 
Datos3b278739.txt 1.000000 55820.561995 14.842000 15.134000 Misc 0.000000 0.000000 
Datos3b27849.txt 1.000000 55820.561995 12.361000 12.540000 Misc 0.000000 0.000000 
Datos3b278436.txt 1.000000 56507.495576 15.593000 16.294000 Misc 0.000000 0.000000 
Datos3b278262.txt 1.000000 55820.561995 15.801000 16.307000 Misc 0.000000 0.000000 
Datos3b27855.txt 1.359902 55820.561995 15.237000 15.657000 Misc 0.000000 0.000000 
Datos3b278255.txt 1.000000 55820.561995 15.462000 15.885000 Misc 0.000000 0.000000 
Datos3b278463.txt 0.314139 55820.561995 15.621000 16.158000 Misc 0.000000 0.000000 
Datos3b27829.txt 1.000000 55820.561995 15.997000 16.646000 Misc 0.000000 0.000000 
Datos3b27834.txt 1.000000 55820.561995 15.201000 15.646000 Misc 0.000000 0.000000 
Datos3b278671.txt 1.000000 55820.561995 14.092000 14.173000 Misc 0.000000 0.000000 
Datos3b278542.txt 1.000000 55820.561995 15.715000 16.282000 Misc 0.000000 0.000000 
Datos3b278194.txt 0.428025 55820.561995 15.514000 16.421000 Misc 0.000000 0.000000 
Datos3b278611.txt 0.248799 55820.561995 15.239000 15.703000 Misc 0.000000 0.000000 
Datos3b278514.txt 0.754197 55820.561995 15.141000 15.535000 Misc 0.000000 0.000000 
Datos3b278113.txt 1.000000 55820.561995 15.992000 16.777000 Misc 0.000000 0.000000 
Datos3b278418.txt 0.451452 55820.561995 15.163000 15.563000 Misc 0.000000 0.000000 
Datos3b278446.txt 1.000000 55820.561995 14.934000 15.291000 Misc 0.000000 0.000000 
Datos3b278529.txt 1.000000 55820.561995 16.038000 16.763000 Misc 0.000000 0.000000 
Datos3b278563.txt 1.000000 55820.561995 15.573000 16.004000 Misc 0.000000 0.000000 
Datos3b278831.txt 0.439640 55820.561995 14.000000 14.210000 Misc 0.000000 0.000000 
Datos3b278270.txt 1.000000 55820.561995 15.649000 16.190000 Misc 0.000000 0.000000 
Datos3b27840.txt 0.470135 55820.561995 15.513000 15.945000 Misc 0.000000 0.000000 
Datos3b278608.txt 1.000000 55820.561995 14.982000 15.417000 Misc 0.000000 0.000000 
Datos3b278394.txt 1.000000 55820.561995 14.255000 14.383000 Misc 0.000000 0.000000 
Datos3b27810.txt 1.000000 55820.561995 14.997000 15.352000 Misc 0.000000 0.000000 
Datos3b278300.txt 1.000000 55820.561995 15.572000 16.011000 Misc 0.000000 0.000000 
Datos3b278597.txt 0.736419 55820.561995 14.063000 14.411000 Misc 0.000000 0.000000 
Datos3b278221.txt 1.120980 55820.561995 14.004000 14.320000 Misc 0.000000 0.000000 
Datos3b278181.txt 1.000000 55820.561995 14.547000 14.789000 Misc 0.000000 0.000000 
Datos3b278740.txt 0.261615 55820.561995 15.099000 15.462000 Misc 0.000000 0.000000 
Datos3b278180.txt 0.381648 55820.561995 12.683000 12.861000 Misc 0.000000 0.000000 
Datos3b278290.txt 1.000000 55820.561995 13.953000 14.368000 Misc 0.000000 0.000000 
Datos3b278444.txt 1.404990 55820.561995 16.204000 16.839000 Misc 0.000000 0.000000 
Datos3b278268.txt 1.000000 55820.561995 15.450000 16.088000 Misc 0.000000 0.000000 
Datos3b278707.txt 1.000000 55820.561995 15.280000 15.691000 Misc 0.000000 0.000000 
Datos3b278718.txt 1.000000 55820.561995 16.133000 16.759000 Misc 0.000000 0.000000 
Datos3b278110.txt 1.000000 55820.561995 15.427000 15.831000 Misc 0.000000 0.000000 
Datos3b278767.txt 0.403318 55820.561995 14.638000 14.968000 Misc 0.000000 0.000000 
Datos3b278225.txt 1.000000 55820.561995 15.592000 16.193000 Misc 0.000000 0.000000 
Datos3b278402.txt 0.250771 55820.561995 15.676000 16.170000 Misc 0.000000 0.000000 
Datos3b278342.txt 1.000000 55820.561995 15.356000 15.743000 Misc 0.000000 0.000000 
Datos3b278186.txt 1.000000 55820.561995 14.754000 15.010000 Misc 0.000000 0.000000 
Datos3b27838.txt 1.000000 55820.561995 16.089000 16.667000 Misc 0.000000 0.000000 
Datos3b278273.txt 1.000000 55820.561995 15.627000 16.143000 Misc 0.000000 0.000000 
Datos3b278142.txt 1.000000 55820.561995 14.849000 15.172000 Misc 0.000000 0.000000 
Datos3b278823.txt 0.732212 55820.561995 15.671000 16.165000 Misc 0.000000 0.000000 
Datos3b278575.txt 0.451283 55820.561995 15.075000 15.497000 Misc 0.000000 0.000000 
Datos3b278291.txt 1.000000 55820.561995 15.320000 15.741000 Misc 0.000000 0.000000 
Datos3b278172.txt 1.000000 55820.561995 15.292000 15.587000 Misc 0.000000 0.000000 
Datos3b278405.txt 1.000000 55820.561995 15.232000 15.639000 Misc 0.000000 0.000000 
Datos3b278238.txt 1.000000 55820.561995 13.487000 13.813000 Misc 0.000000 0.000000 
Datos3b278256.txt 1.000000 55820.561995 15.451000 16.192000 Misc 0.000000 0.000000 
Datos3b27841.txt 0.751525 55820.561995 15.045000 15.416000 Misc 0.000000 0.000000 
Datos3b27823.txt 1.000000 55820.561995 16.094000 16.662000 Misc 0.000000 0.000000 
Datos3b278485.txt 1.000000 55820.561995 12.982000 13.052000 Misc 0.000000 0.000000 
Datos3b27859.txt 1.000000 55820.561995 15.655000 16.106000 Misc 0.000000 0.000000 
Datos3b27875.txt 0.312943 55820.561995 13.734000 14.050000 Misc 0.000000 0.000000 
Datos3b278249.txt 0.304890 55820.561995 13.395000 13.549000 Misc 0.000000 0.000000 
Datos3b278263.txt 1.000000 55820.561995 15.501000 16.014000 Misc 0.000000 0.000000 
Datos3b278442.txt 1.000000 55820.561995 15.930000 16.466000 Misc 0.000000 0.000000 
Datos3b278794.txt 2.848249 55820.561995 15.314000 15.724000 Misc 0.000000 0.000000 
Datos3b278828.txt 0.406082 55820.561995 15.692000 16.225000 Misc 0.000000 0.000000 
Datos3b278643.txt 1.000000 55820.561995 16.036000 16.935000 Misc 0.000000 0.000000 
Datos3b278583.txt 0.407594 55820.561995 15.261000 15.655000 Misc 0.000000 0.000000 
Datos3b278314.txt 0.751643 55820.561995 15.052000 15.350000 Misc 0.000000 0.000000 
Datos3b278513.txt 1.000000 55820.561995 15.502000 16.048000 Misc 0.000000 0.000000 
Datos3b278101.txt 0.576832 55820.561995 14.868000 15.190000 Misc 0.000000 0.000000 
Datos3b278532.txt 1.000000 55820.561995 15.731000 16.198000 Misc 0.000000 0.000000 
Datos3b278150.txt 0.451471 55820.561995 15.755000 16.147000 Misc 0.000000 0.000000 
Datos3b278700.txt 1.000000 55820.561995 15.379000 15.788000 Misc 0.000000 0.000000 
Datos3b278653.txt 0.332123 55820.561995 14.421000 14.868000 Misc 0.000000 0.000000 
Datos3b278223.txt 1.000000 55820.561995 16.102000 16.753000 Misc 0.000000 0.000000 
Datos3b278807.txt 0.506574 55820.561995 15.214000 15.641000 Misc 0.000000 0.000000 
Datos3b27857.txt 0.751340 55820.561995 15.587000 16.069000 Misc 0.000000 0.000000 
Datos3b278326.txt 1.000000 55820.561995 15.812000 16.218000 Misc 0.000000 0.000000 
Datos3b278815.txt 0.439640 55820.561995 13.841000 14.073000 Misc 0.000000 0.000000 
Datos3b278543.txt 0.366917 55820.561995 13.050000 13.288000 Misc 0.000000 0.000000 
Datos3b278224.txt 1.000000 55820.561995 12.068000 12.293000 Misc 0.000000 0.000000 
Datos3b278161.txt 0.750377 55820.561995 15.085000 15.460000 Misc 0.000000 0.000000 
Datos3b278410.txt 0.753086 55820.561995 15.268000 15.671000 Misc 0.000000 0.000000 
Datos3b278539.txt 1.000000 55820.561995 15.145000 15.505000 Misc 0.000000 0.000000 
Datos3b278408.txt 1.224080 55820.561995 15.324000 15.841000 Misc 0.000000 0.000000 
Datos3b278516.txt 1.000000 55820.561995 12.776000 13.095000 Misc 0.000000 0.000000 
Datos3b278357.txt 1.000000 55820.561995 15.837000 16.396000 Misc 0.000000 0.000000 
Datos3b27816.txt 1.000000 55820.561995 15.451000 15.939000 Misc 0.000000 0.000000 
Datos3b278681.txt 0.375192 55820.561995 15.456000 15.895000 Misc 0.000000 0.000000 
Datos3b278736.txt 0.327224 55820.561995 15.778000 16.381000 Misc 0.000000 0.000000 
Datos3b278372.txt 1.000000 55820.561995 16.082000 16.536000 Misc 0.000000 0.000000 
Datos3b278441.txt 1.000000 55820.561995 13.419000 13.657000 Misc 0.000000 0.000000 
Datos3b278171.txt 0.535563 55820.561995 15.645000 16.192000 Misc 0.000000 0.000000 
Datos3b278672.txt 1.000000 55820.561995 15.075000 15.444000 Misc 0.000000 0.000000 
Datos3b278622.txt 1.000000 55820.561995 12.997000 13.157000 Misc 0.000000 0.000000 
Datos3b278759.txt 1.000000 55820.561995 15.783000 16.653000 Misc 0.000000 0.000000 
Datos3b278336.txt 1.000000 55820.561995 15.546000 16.037000 Misc 0.000000 0.000000 
Datos3b278851.txt 0.616926 55820.561995 14.671000 14.923000 Misc 0.000000 0.000000 
Datos3b278406.txt 1.000000 55820.561995 14.944000 15.098000 Misc 0.000000 0.000000 
Datos3b278587.txt 0.412394 55820.561995 15.867000 16.465000 Misc 0.000000 0.000000 
Datos3b278748.txt 1.000000 55820.561995 12.807000 12.980000 Misc 0.000000 0.000000 
Datos3b278404.txt 1.000000 55820.561995 15.400000 15.793000 Misc 0.000000 0.000000 
Datos3b278699.txt 0.271366 55820.561995 15.972000 16.566000 Misc 0.000000 0.000000 
Datos3b278143.txt 0.319518 55820.561995 12.949000 13.152000 Misc 0.000000 0.000000 
Datos3b278621.txt 1.000000 55820.561995 15.277000 15.717000 Misc 0.000000 0.000000 
Datos3b278138.txt 1.000000 55820.561995 15.787000 16.298000 Misc 0.000000 0.000000 
Datos3b278488.txt 1.000000 55820.561995 15.758000 16.508000 Misc 0.000000 0.000000 
Datos3b27826.txt 0.761707 55820.561995 15.120000 15.559000 Misc 0.000000 0.000000 
Datos3b27872.txt 0.581876 55820.561995 14.742000 15.018000 Misc 0.000000 0.000000 
Datos3b278800.txt 0.751547 55820.561995 14.834000 15.154000 Misc 0.000000 0.000000 
Datos3b278102.txt 0.539425 55820.561995 15.406000 15.838000 Misc 0.000000 0.000000 
Datos3b278702.txt 0.297924 55820.561995 15.900000 16.334000 Misc 0.000000 0.000000 
Datos3b278664.txt 0.253399 55820.561995 15.786000 16.224000 Misc 0.000000 0.000000 
Datos3b278438.txt 1.404990 55820.561995 13.098000 13.398000 Misc 0.000000 0.000000 
Datos3b278467.txt 1.000000 55820.561995 14.780000 14.924000 Misc 0.000000 0.000000 
Datos3b278774.txt 1.000000 55820.561995 15.802000 16.295000 Misc 0.000000 0.000000 
Datos3b278833.txt 0.987854 55820.561995 15.282000 15.501000 Misc 0.000000 0.000000 
Datos3b27839.txt 0.581473 55820.561995 15.047000 15.366000 Misc 0.000000 0.000000 
Datos3b278515.txt 1.000000 55839.524416 15.345000 15.772000 Misc 0.000000 0.000000 
Datos3b278480.txt 0.581434 55820.561995 14.964000 15.247000 Misc 0.000000 0.000000 
Datos3b278849.txt 1.000000 55820.561995 15.219000 15.452000 Misc 0.000000 0.000000 
Datos3b278202.txt 1.000000 55820.561995 16.109000 16.874000 Misc 0.000000 0.000000 
Datos3b278545.txt 0.275706 55820.561995 15.895000 16.481000 Misc 0.000000 0.000000 
Datos3b278329.txt 1.000000 55820.561995 15.413000 15.886000 Misc 0.000000 0.000000 
Datos3b278725.txt 0.367231 55820.561995 15.603000 16.126000 Misc 0.000000 0.000000 
Datos3b278310.txt 0.731512 55820.561995 15.744000 16.324000 Misc 0.000000 0.000000 
Datos3b278429.txt 0.315435 55820.561995 15.861000 16.486000 Misc 0.000000 0.000000 
Datos3b278806.txt 1.000000 55820.561995 14.973000 15.239000 Misc 0.000000 0.000000 
Datos3b278533.txt 1.000000 55820.561995 15.032000 15.513000 Misc 0.000000 0.000000 
Datos3b278389.txt 0.446180 55820.561995 12.646000 12.868000 Misc 0.000000 0.000000 
Datos3b278640.txt 0.510870 55820.561995 15.673000 16.136000 Misc 0.000000 0.000000 
Datos3b278509.txt 0.405657 55820.561995 15.353000 15.780000 Misc 0.000000 0.000000 
Datos3b278617.txt 0.417103 55820.561995 14.664000 15.051000 Misc 0.000000 0.000000 
Datos3b27876.txt 1.000000 55820.561995 15.832000 16.552000 Misc 0.000000 0.000000 
Datos3b27833.txt 1.000000 55820.561995 14.740000 14.855000 Misc 0.000000 0.000000 
Datos3b278799.txt 1.989134 55820.561995 13.115000 13.266000 Misc 0.000000 0.000000 
Datos3b278363.txt 1.000000 55820.561995 15.680000 16.235000 Misc 0.000000 0.000000 
Datos3b278339.txt 0.278582 55820.561995 15.583000 15.991000 Misc 0.000000 0.000000 
Datos3b278460.txt 0.744659 55820.561995 15.135000 15.552000 Misc 0.000000 0.000000 
Datos3b278705.txt 0.376650 55820.561995 15.818000 16.463000 Misc 0.000000 0.000000 
Datos3b278248.txt 1.000000 55820.561995 15.412000 15.830000 Misc 0.000000 0.000000 
Datos3b278434.txt 1.000000 55820.561995 13.111000 13.236000 Misc 0.000000 0.000000 
Datos3b278211.txt 0.338889 55820.561995 15.182000 15.726000 Misc 0.000000 0.000000 
Datos3b278116.txt 1.000000 55820.561995 15.724000 16.226000 Misc 0.000000 0.000000 
Datos3b278401.txt 1.000000 55820.561995 15.752000 16.286000 Misc 0.000000 0.000000 
Datos3b278245.txt 1.000000 55820.561995 15.811000 16.551000 Misc 0.000000 0.000000 
Datos3b278155.txt 0.744659 55820.561995 15.172000 15.508000 Misc 0.000000 0.000000 
Datos3b278355.txt 1.000000 55820.561995 14.838000 15.121000 Misc 0.000000 0.000000 
Datos3b278777.txt 1.000000 55820.561995 15.134000 15.368000 Misc 0.000000 0.000000 
Datos3b27825.txt 1.000000 55820.561995 15.584000 16.027000 Misc 0.000000 0.000000 
Datos3b278564.txt 1.000000 55820.561995 15.931000 16.432000 Misc 0.000000 0.000000 
Datos3b278333.txt 0.751536 55820.561995 15.114000 15.420000 Misc 0.000000 0.000000 
Datos3b27860.txt 1.000000 55820.561995 13.200000 13.477000 Misc 0.000000 0.000000 
Datos3b278455.txt 1.000000 55820.561995 14.102000 14.315000 Misc 0.000000 0.000000 
Datos3b278801.txt 0.346571 55820.561995 14.971000 15.422000 Misc 0.000000 0.000000 
Datos3b278603.txt 1.000000 55820.561995 15.816000 16.402000 Misc 0.000000 0.000000 
Datos3b278272.txt 1.000000 55820.561995 15.758000 16.309000 Misc 0.000000 0.000000 
Datos3b278701.txt 1.000000 55820.561995 14.143000 14.434000 Misc 0.000000 0.000000 
Datos3b278298.txt 1.000000 55820.561995 15.293000 15.740000 Misc 0.000000 0.000000 
Datos3b278758.txt 0.275706 55820.561995 15.064000 15.460000 Misc 0.000000 0.000000 
Datos3b278168.txt 1.000000 55820.561995 14.842000 15.114000 Misc 0.000000 0.000000 
Datos3b278126.txt 1.000000 55820.561995 14.599000 14.830000 Misc 0.000000 0.000000 
Datos3b278812.txt 1.000000 55820.561995 13.105000 13.176000 Misc 0.000000 0.000000 
Datos3b278457.txt 1.000000 55820.561995 13.450000 13.541000 Misc 0.000000 0.000000 
Datos3b278548.txt 1.000000 55820.561995 15.770000 16.343000 Misc 0.000000 0.000000 
Datos3b278374.txt 0.832168 55820.561995 15.621000 16.083000 Misc 0.000000 0.000000 
Datos3b278400.txt 0.751525 55820.561995 15.082000 15.387000 Misc 0.000000 0.000000 
Datos3b278233.txt 1.000000 55820.561995 15.010000 15.197000 Misc 0.000000 0.000000 
Datos3b278734.txt 1.000000 55820.561995 15.718000 16.213000 Misc 0.000000 0.000000 
Datos3b278118.txt 0.433617 55820.561995 15.818000 16.455000 Misc 0.000000 0.000000 
Datos3b278289.txt 1.000000 55839.524416 12.891000 13.040000 Misc 0.000000 0.000000 
Datos3b278369.txt 1.000000 55820.561995 15.748000 16.257000 Misc 0.000000 0.000000 
Datos3b278541.txt 0.539425 55820.561995 15.276000 15.670000 Misc 0.000000 0.000000 
Datos3b278407.txt 0.312037 55820.561995 15.459000 15.946000 Misc 0.000000 0.000000 
Datos3b278427.txt 0.536003 55820.561995 15.429000 15.973000 Misc 0.000000 0.000000 
Datos3b278335.txt 0.581876 55820.561995 14.875000 15.109000 Misc 0.000000 0.000000 
Datos3b278430.txt 0.871429 55820.561995 15.401000 15.931000 Misc 0.000000 0.000000 
Datos3b278279.txt 5.656010 55820.561995 15.571000 16.022000 Misc 0.000000 0.000000 
Datos3b2787.txt 1.000000 55820.561995 15.954000 16.479000 Misc 0.000000 0.000000 
Datos3b278717.txt 0.751511 55820.561995 15.702000 16.167000 Misc 0.000000 0.000000 
Datos3b278821.txt 0.750349 55820.561995 15.080000 15.432000 Misc 0.000000 0.000000 
Datos3b278201.txt 0.581461 55820.561995 12.674000 12.769000 Misc 0.000000 0.000000 
Datos3b278278.txt 0.751511 55820.561995 14.324000 14.562000 Misc 0.000000 0.000000 
Datos3b278743.txt 0.292040 55820.561995 14.488000 14.889000 Misc 0.000000 0.000000 
Datos3b278752.txt 0.833437 55820.561995 15.968000 16.520000 Misc 0.000000 0.000000 
Datos3b278567.txt 1.000000 55820.561995 15.323000 15.721000 Misc 0.000000 0.000000 
Datos3b278784.txt 1.002740 55820.561995 14.683000 14.860000 Misc 0.000000 0.000000 
Datos3b278311.txt 0.308991 55820.561995 15.222000 15.659000 Misc 0.000000 0.000000 
Datos3b278382.txt 1.000000 55820.561995 15.019000 15.333000 Misc 0.000000 0.000000 
Datos3b27836.txt 1.000000 55820.561995 15.380000 15.589000 Misc 0.000000 0.000000 
Datos3b278461.txt 0.744659 55820.561995 15.175000 15.508000 Misc 0.000000 0.000000 
Datos3b278577.txt 0.323566 55820.561995 15.916000 16.515000 Misc 0.000000 0.000000 
Datos3b278522.txt 1.000000 55820.561995 12.571000 13.072000 Misc 0.000000 0.000000 
Datos3b278697.txt 0.539425 55839.524416 14.776000 15.233000 Misc 0.000000 0.000000 
Datos3b278761.txt 0.987854 55820.561995 13.500000 13.575000 Misc 0.000000 0.000000 
Datos3b278230.txt 0.723659 55820.561995 15.041000 15.386000 Misc 0.000000 0.000000 
Datos3b278781.txt 1.000000 55820.561995 14.720000 14.820000 Misc 0.000000 0.000000 
Datos3b27899.txt 0.250227 55820.561995 12.877000 13.024000 Misc 0.000000 0.000000 
Datos3b278722.txt 1.000000 55820.561995 15.327000 15.743000 Misc 0.000000 0.000000 
Datos3b278131.txt 1.067055 55820.561995 14.998000 15.672000 Misc 0.000000 0.000000 
Datos3b278804.txt 0.208769 55820.561995 15.063000 15.538000 Misc 0.000000 0.000000 
Datos3b278361.txt 0.470740 55820.561995 15.614000 16.178000 Misc 0.000000 0.000000 
Datos3b278676.txt 1.000000 55820.561995 14.198000 14.347000 Misc 0.000000 0.000000 
Datos3b278729.txt 1.000000 55820.561995 14.594000 14.809000 Misc 0.000000 0.000000 
Datos3b278189.txt 1.517432 55820.561995 15.904000 16.412000 Misc 0.000000 0.000000 
Datos3b278496.txt 0.643799 55820.561995 13.091000 13.205000 Misc 0.000000 0.000000 
Datos3b278188.txt 0.581434 55820.561995 14.855000 15.132000 Misc 0.000000 0.000000 
Datos3b278257.txt 1.000000 55820.561995 13.901000 14.051000 Misc 0.000000 0.000000 
Datos3b278601.txt 1.000000 55820.561995 15.772000 16.267000 Misc 0.000000 0.000000 
Datos3b278334.txt 4.066667 55820.561995 15.083000 15.194000 Misc 0.000000 0.000000 
Datos3b278486.txt 0.581876 55820.561995 14.944000 15.245000 Misc 0.000000 0.000000 
Datos3b278596.txt 2.975610 55820.561995 15.102000 15.317000 Misc 0.000000 0.000000 
Datos3b278727.txt 1.000000 55820.561995 15.948000 16.582000 Misc 0.000000 0.000000 
Datos3b278770.txt 1.000000 55820.561995 15.914000 16.480000 Misc 0.000000 0.000000 
Datos3b278810.txt 0.539425 55820.561995 15.027000 15.475000 Misc 0.000000 0.000000 
Datos3b2781.txt 1.000000 55820.561995 13.170000 13.363000 Misc 0.000000 0.000000 
Datos3b278384.txt 1.000000 55820.561995 15.743000 16.220000 Misc 0.000000 0.000000 
Datos3b278236.txt 1.000000 55820.561995 14.939000 15.517000 Misc 0.000000 0.000000 
Datos3b278726.txt 0.295468 55820.561995 15.718000 16.208000 Misc 0.000000 0.000000 
Datos3b278305.txt 1.000000 55820.561995 15.531000 15.973000 Misc 0.000000 0.000000 
Datos3b278633.txt 1.000000 55839.524416 13.429000 13.556000 Misc 0.000000 0.000000 
Datos3b278219.txt 0.439640 55820.561995 15.701000 16.232000 Misc 0.000000 0.000000 
Datos3b278431.txt 1.000000 55820.561995 14.350000 14.510000 Misc 0.000000 0.000000 
Datos3b27822.txt 1.466934 55820.561995 14.073000 14.138000 Misc 0.000000 0.000000 
Datos3b278630.txt 1.000000 55820.561995 13.807000 13.920000 Misc 0.000000 0.000000 
Datos3b278848.txt 1.000000 55820.561995 14.620000 14.888000 Misc 0.000000 0.000000 
Datos3b278237.txt 1.000000 55820.561995 15.877000 16.472000 Misc 0.000000 0.000000 
Datos3b278521.txt 1.000000 55820.561995 15.172000 15.561000 Misc 0.000000 0.000000 
Datos3b278506.txt 1.000000 55820.561995 14.785000 15.219000 Misc 0.000000 0.000000 
Datos3b278576.txt 1.000000 55820.561995 15.010000 15.339000 Misc 0.000000 0.000000 
Datos3b278468.txt 0.368952 55820.561995 15.730000 16.271000 Misc 0.000000 0.000000 
Datos3b278501.txt 0.428321 55820.561995 14.844000 14.973000 Misc 0.000000 0.000000 
Datos3b278141.txt 1.000000 55820.561995 15.093000 15.510000 Misc 0.000000 0.000000 
Datos3b278239.txt 4.066667 55820.561995 14.229000 14.310000 Misc 0.000000 0.000000 
Datos3b278510.txt 1.000000 55820.561995 15.531000 16.057000 Misc 0.000000 0.000000 
Datos3b278294.txt 1.000000 55820.561995 15.799000 16.274000 Misc 0.000000 0.000000 
Datos3b278802.txt 1.002740 55820.561995 14.696000 14.802000 Misc 0.000000 0.000000 
Datos3b278343.txt 1.000000 55820.561995 14.798000 15.087000 Misc 0.000000 0.000000 
Datos3b278616.txt 0.522906 55820.561995 12.626000 12.849000 Misc 0.000000 0.000000 
Datos3b278135.txt 1.000000 55820.561995 14.991000 15.364000 Misc 0.000000 0.000000 
Datos3b278813.txt 1.000000 55820.561995 15.634000 16.353000 Misc 0.000000 0.000000 
Datos3b278332.txt 3.057466 55820.561995 15.491000 15.921000 Misc 0.000000 0.000000 
Datos3b278103.txt 1.000000 55820.561995 16.054000 16.701000 Misc 0.000000 0.000000 
Datos3b278316.txt 0.828054 55820.561995 12.857000 13.132000 Misc 0.000000 0.000000 
Datos3b278528.txt 0.457786 55820.561995 12.753000 12.871000 Misc 0.000000 0.000000 
Datos3b278535.txt 1.000000 55820.561995 15.032000 15.273000 Misc 0.000000 0.000000 
Datos3b27812.txt 1.000000 55820.561995 14.815000 14.909000 Misc 0.000000 0.000000 
Datos3b278741.txt 1.000000 55820.561995 14.591000 14.741000 Misc 0.000000 0.000000 
Datos3b278345.txt 1.000000 55820.561995 15.238000 15.625000 Misc 0.000000 0.000000 
Datos3b278242.txt 1.000000 55820.561995 15.915000 16.973000 Misc 0.000000 0.000000 
Datos3b278662.txt 1.000000 55820.561995 14.764000 14.844000 Misc 0.000000 0.000000 
Datos3b278366.txt 1.000000 55820.561995 14.925000 15.410000 Misc 0.000000 0.000000 
Datos3b27824.txt 1.000000 55820.561995 15.291000 15.517000 Misc 0.000000 0.000000 
Datos3b278192.txt 1.000000 55820.561995 13.083000 13.224000 Misc 0.000000 0.000000 
Datos3b278302.txt 1.000000 55820.561995 15.541000 16.101000 Misc 0.000000 0.000000 
Datos3b278687.txt 0.751540 55820.561995 14.895000 15.181000 Misc 0.000000 0.000000 
Datos3b278504.txt 1.000000 55820.561995 13.071000 13.153000 Misc 0.000000 0.000000 
Datos3b278353.txt 1.000000 55820.561995 15.209000 15.510000 Misc 0.000000 0.000000 
Datos3b278492.txt 0.582003 55820.561995 14.957000 15.206000 Misc 0.000000 0.000000 
Datos3b278304.txt 1.000000 55820.561995 14.693000 14.832000 Misc 0.000000 0.000000 
Datos3b27867.txt 1.000000 55820.561995 12.959000 13.194000 Misc 0.000000 0.000000 
Datos3b278422.txt 3.832461 55820.561995 12.900000 13.032000 Misc 0.000000 0.000000 
Datos3b278387.txt 1.000000 55820.561995 14.016000 14.252000 Misc 0.000000 0.000000 
Datos3b278388.txt 1.000000 55820.561995 14.987000 15.098000 Misc 0.000000 0.000000 
Datos3b27842.txt 1.000000 55820.561995 14.574000 14.661000 Misc 0.000000 0.000000 
Datos3b278288.txt 1.000000 55820.561995 14.680000 14.759000 Misc 0.000000 0.000000 
Datos3b278782.txt 1.000000 55820.561995 14.414000 14.528000 Misc 0.000000 0.000000 
Datos3b278287.txt 1.000000 55820.561995 15.127000 15.474000 Misc 0.000000 0.000000 
Datos3b27874.txt 0.999948 55820.561995 14.183000 14.468000 Misc 0.000000 0.000000 
Datos3b27895.txt 1.000000 55820.561995 14.984000 15.144000 Misc 0.000000 0.000000 
Datos3b278512.txt 0.751510 55820.561995 15.317000 15.685000 Misc 0.000000 0.000000 
Datos3b278205.txt 1.000000 55820.561995 14.640000 14.897000 Misc 0.000000 0.000000 
Datos3b27845.txt 1.000000 55820.561995 14.597000 14.756000 Misc 0.000000 0.000000 
Datos3b278376.txt 1.000000 55820.561995 14.670000 14.793000 Misc 0.000000 0.000000 
Datos3b278689.txt 1.000000 55820.561995 14.029000 14.440000 Misc 0.000000 0.000000 
Datos3b278109.txt 1.467828 55820.561995 14.540000 14.919000 Misc 0.000000 0.000000 
Datos3b27830.txt 0.581498 55820.561995 15.115000 15.380000 Misc 0.000000 0.000000 
Datos3b278827.txt 1.000000 55820.561995 14.787000 15.113000 Misc 0.000000 0.000000 
Datos3b278121.txt 1.000000 55820.561995 13.057000 13.155000 Misc 0.000000 0.000000 
Datos3b278191.txt 0.581529 55820.561995 14.808000 15.039000 Misc 0.000000 0.000000 
Datos3b278226.txt 1.000000 55820.561995 12.291000 12.380000 Misc 0.000000 0.000000 
Datos3b278708.txt 1.000000 55820.561995 14.654000 14.748000 Misc 0.000000 0.000000 
Datos3b278203.txt 1.000000 55820.561995 14.909000 15.048000 Misc 0.000000 0.000000 
Datos3b278421.txt 1.000000 55820.561995 12.289000 12.416000 Misc 0.000000 0.000000 
Datos3b278763.txt 1.000000 55820.561995 15.235000 15.632000 Misc 0.000000 0.000000 
Datos3b278600.txt 1.000000 56507.495576 14.601000 14.893000 Misc 0.000000 0.000000 
Datos3b27866.txt 2.359208 55820.561995 15.371000 15.773000 Misc 0.000000 0.000000 
Datos3b278112.txt 1.000000 55820.561995 14.936000 15.099000 Misc 0.000000 0.000000 
Datos3b278452.txt 1.000000 55820.561995 13.230000 13.411000 Misc 0.000000 0.000000 
Datos3b278246.txt 1.000000 55820.561995 13.336000 13.522000 Misc 0.000000 0.000000 
Datos3b278367.txt 1.000000 55820.561995 15.184000 15.450000 Misc 0.000000 0.000000 
Datos3b278714.txt 1.000000 55820.561995 13.994000 14.078000 Misc 0.000000 0.000000 
Datos3b278306.txt 0.278300 55820.561995 15.787000 16.335000 Misc 0.000000 0.000000 
Datos3b278507.txt 1.000000 56507.495576 14.174000 14.275000 Misc 0.000000 0.000000 
Datos3b278692.txt 1.000000 55820.561995 12.635000 12.762000 Misc 0.000000 0.000000 
Datos3b278497.txt 0.581487 55820.561995 14.494000 14.686000 Misc 0.000000 0.000000 
Datos3b278679.txt 3.832461 55820.561995 14.963000 15.111000 Misc 0.000000 0.000000 
Datos3b27869.txt 1.000000 55820.561995 15.042000 15.202000 Misc 0.000000 0.000000 
Datos3b278285.txt 1.000000 55820.561995 14.610000 14.726000 Misc 0.000000 0.000000 
Datos3b278674.txt 1.000000 55820.561995 13.067000 13.144000 Misc 0.000000 0.000000 
Datos3b278165.txt 1.000000 55820.561995 14.502000 14.616000 Misc 0.000000 0.000000 
Datos3b278307.txt 1.000000 55820.561995 13.117000 13.225000 Misc 0.000000 0.000000 
Datos3b278489.txt 1.000000 55820.561995 13.171000 13.251000 Misc 0.000000 0.000000 
Datos3b278769.txt 1.000000 55820.561995 14.794000 14.927000 Misc 0.000000 0.000000 
Datos3b278129.txt 1.000000 55820.561995 12.648000 12.800000 Misc 0.000000 0.000000 
Datos3b27813.txt 1.000000 55820.561995 13.266000 13.301000 Misc 0.000000 0.000000 
Datos3b278416.txt 1.000000 55820.561995 14.686000 14.867000 Misc 0.000000 0.000000 
Datos3b278754.txt 1.000000 55820.561995 14.393000 14.506000 Misc 0.000000 0.000000 
Datos3b2784.txt 1.000000 55820.561995 15.743000 16.331000 Misc 0.000000 0.000000 
Datos3b27850.txt 1.000000 55820.561995 14.044000 14.111000 Misc 0.000000 0.000000 
Datos3b278530.txt 1.000000 55820.561995 14.280000 14.431000 Misc 0.000000 0.000000 
Datos3b278173.txt 1.000000 55820.561995 15.107000 15.292000 Misc 0.000000 0.000000 
Datos3b278252.txt 1.000000 55820.561995 15.048000 15.219000 Misc 0.000000 0.000000 
Datos3b278120.txt 1.000000 55820.561995 13.980000 14.087000 Misc 0.000000 0.000000 
Datos3b278639.txt 1.000000 55820.561995 14.940000 15.191000 Misc 0.000000 0.000000 
Datos3b278694.txt 1.000000 55820.561995 14.849000 14.970000 Misc 0.000000 0.000000 
Datos3b278217.txt 1.000000 55820.561995 14.776000 14.878000 Misc 0.000000 0.000000 
Datos3b27890.txt 1.000000 55820.561995 15.086000 15.231000 Misc 0.000000 0.000000 
Datos3b278809.txt 1.000000 55820.561995 14.810000 14.936000 Misc 0.000000 0.000000 
Datos3b278351.txt 1.000000 55820.561995 13.011000 13.155000 Misc 0.000000 0.000000 
Datos3b278175.txt 1.000000 55820.561995 13.839000 13.950000 Misc 0.000000 0.000000 
Datos3b278582.txt 1.000000 55820.561995 14.862000 15.450000 Misc 0.000000 0.000000 
Datos3b278359.txt 1.000000 55820.561995 13.819000 13.888000 Misc 0.000000 0.000000 
Datos3b278715.txt 0.268003 55820.561995 15.800000 16.322000 Misc 0.000000 0.000000 
Datos3b278212.txt 1.000000 55820.561995 15.091000 15.298000 Misc 0.000000 0.000000 
Datos3b278825.txt 1.000000 55820.561995 14.681000 14.792000 Misc 0.000000 0.000000 
Datos3b278324.txt 1.000000 55820.561995 14.975000 15.143000 Misc 0.000000 0.000000 
Datos3b278195.txt 1.000000 55820.561995 15.004000 15.238000 Misc 0.000000 0.000000 
Datos3b278728.txt 1.000000 55820.561995 14.563000 14.649000 Misc 0.000000 0.000000 
Datos3b278750.txt 1.000000 55820.561995 12.455000 12.611000 Misc 0.000000 0.000000 
Datos3b278771.txt 1.000000 55820.561995 13.912000 13.958000 Misc 0.000000 0.000000 
Datos3b27879.txt 1.000000 55820.561995 14.878000 15.218000 Misc 0.000000 0.000000 
Datos3b27817.txt 1.000000 55820.561995 13.267000 13.367000 Misc 0.000000 0.000000 
Datos3b278688.txt 1.000000 55820.561995 14.012000 14.079000 Misc 0.000000 0.000000 
Datos3b278690.txt 1.000000 55820.561995 13.229000 13.286000 Misc 0.000000 0.000000 
Datos3b278654.txt 1.000000 55820.561995 15.223000 15.724000 Misc 0.000000 0.000000 
Datos3b278435.txt 1.000000 55820.561995 15.124000 15.276000 Misc 0.000000 0.000000 
Datos3b278163.txt 1.000000 55820.561995 15.052000 15.202000 Misc 0.000000 0.000000 
Datos3b278540.txt 1.000000 55820.561995 14.428000 14.532000 Misc 0.000000 0.000000 
Datos3b278208.txt 1.000000 55820.561995 13.786000 13.856000 Misc 0.000000 0.000000 
Datos3b2780.txt 1.000000 55820.561995 14.888000 15.452000 Misc 0.000000 0.000000 
Datos3b278350.txt 1.000000 55820.561995 14.056000 14.150000 Misc 0.000000 0.000000 
Datos3b278386.txt 1.000000 55820.561995 15.132000 15.288000 Misc 0.000000 0.000000 
Datos3b278183.txt 1.000000 55820.561995 14.624000 14.749000 Misc 0.000000 0.000000 
Datos3b278105.txt 1.000000 55820.561995 14.337000 14.398000 Misc 0.000000 0.000000 
Datos3b278282.txt 1.000000 55820.561995 14.804000 14.888000 Misc 0.000000 0.000000 
Datos3b278649.txt 1.000000 55820.561995 14.962000 15.073000 Misc 0.000000 0.000000 
Datos3b278822.txt 1.000000 55820.561995 14.983000 15.093000 Misc 0.000000 0.000000 
Datos3b278789.txt 1.000000 55820.561995 14.986000 15.094000 Misc 0.000000 0.000000 
Datos3b278190.txt 1.000000 55820.561995 13.028000 13.087000 Misc 0.000000 0.000000 
Datos3b278266.txt 1.000000 55820.561995 13.905000 13.998000 Misc 0.000000 0.000000 
Datos3b278375.txt 1.000000 55820.561995 13.309000 13.374000 Misc 0.000000 0.000000 
Datos3b278696.txt 1.000000 55820.561995 14.985000 15.114000 Misc 0.000000 0.000000 
Datos3b278197.txt 1.000000 55820.561995 14.810000 14.924000 Misc 0.000000 0.000000 
Datos3b278281.txt 1.000000 55820.561995 14.592000 14.696000 Misc 0.000000 0.000000 
Datos3b278677.txt 1.000000 55820.561995 12.737000 12.795000 Misc 0.000000 0.000000 
Datos3b278487.txt 1.000000 55820.561995 14.219000 14.283000 Misc 0.000000 0.000000 
Datos3b278595.txt 1.000000 55820.561995 13.552000 13.590000 Misc 0.000000 0.000000 
Datos3b278398.txt 1.000000 55820.561995 14.235000 14.308000 Misc 0.000000 0.000000 
Datos3b278549.txt 1.000000 55820.561995 14.551000 14.648000 Misc 0.000000 0.000000 
Datos3b278432.txt 1.000000 55820.561995 14.339000 14.414000 Misc 0.000000 0.000000 
Datos3b278313.txt 1.000000 55820.561995 14.342000 14.406000 Misc 0.000000 0.000000 
Datos3b278157.txt 1.000000 55820.561995 14.698000 14.808000 Misc 0.000000 0.000000 
Datos3b278490.txt 1.000000 55820.561995 13.272000 13.308000 Misc 0.000000 0.000000 
Datos3b27835.txt 1.000000 55820.561995 14.133000 14.192000 Misc 0.000000 0.000000 
Datos3b278558.txt 1.000000 55820.561995 13.872000 13.954000 Misc 0.000000 0.000000 
Datos3b278133.txt 1.000000 55820.561995 14.681000 14.770000 Misc 0.000000 0.000000 
Datos3b278176.txt 1.000000 55820.561995 13.571000 13.648000 Misc 0.000000 0.000000 
Datos3b278772.txt 1.000000 55820.561995 13.555000 13.623000 Misc 0.000000 0.000000 
Datos3b278448.txt 1.000000 55820.561995 13.905000 14.011000 Misc 0.000000 0.000000 
Datos3b27862.txt 1.000000 55820.561995 14.889000 15.055000 Misc 0.000000 0.000000 
Datos3b278164.txt 1.000000 55820.561995 14.527000 14.635000 Misc 0.000000 0.000000 
Datos3b278215.txt 1.000000 55820.561995 14.823000 14.916000 Misc 0.000000 0.000000 
Datos3b278612.txt 1.000000 55820.561995 14.638000 14.727000 Misc 0.000000 0.000000 
Datos3b278130.txt 1.000000 55820.561995 13.093000 13.144000 Misc 0.000000 0.000000 
Datos3b278229.txt 1.000000 55820.561995 14.773000 14.864000 Misc 0.000000 0.000000 
Datos3b278147.txt 1.000000 55820.561995 14.363000 14.452000 Misc 0.000000 0.000000 
Datos3b278275.txt 1.000000 55820.561995 14.073000 14.172000 Misc 0.000000 0.000000 
Datos3b278631.txt 1.000000 55839.524416 13.778000 13.812000 Misc 0.000000 0.000000 
Datos3b278383.txt 1.000000 55820.561995 13.331000 13.394000 Misc 0.000000 0.000000 
Datos3b278383.txt 1.000000 55820.561995 13.331000 13.394000 Misc 0.000000 0.000000 
Datos3b278383.txt 1.000000 55820.561995 13.331000 13.394000 Misc 0.000000 0.000000 
Datos3b278383.txt 1.000000 55820.561995 13.331000 13.394000 Misc 0.000000 0.000000 
Datos3b278383.txt 1.000000 55820.561995 13.331000 13.394000 Misc 0.000000 0.000000 
Datos3b278383.txt 1.000000 55820.561995 13.331000 13.394000 Misc 0.000000 0.000000 
Datos3b278383.txt 1.000000 55820.561995 13.331000 13.394000 Misc 0.000000 0.000000 
