Datos3b27923.txt 1.661847 55309.758970 15.389000 16.045000 Misc 0.000000 0.000000 
Datos3b279218.txt 9.041527 55309.758970 12.798000 13.158000 Misc 0.000000 0.000000 
Datos3b279573.txt 4.605205 55309.758970 13.761000 14.069000 Misc 0.000000 0.000000 
Datos3b279428.txt 1.200840 55309.758970 13.009000 13.239000 Misc 0.000000 0.000000 
Datos3b27933.txt 3.620656 55309.758970 13.355000 13.565000 Misc 0.000000 0.000000 
Datos3b279636.txt 5.222913 55309.758970 13.776000 14.192000 Misc 0.000000 0.000000 
Datos3b279294.txt 1.912519 55309.758970 13.968000 14.255000 Misc 0.000000 0.000000 
Datos3b279328.txt 1.384716 55309.758970 14.659000 14.981000 Misc 0.000000 0.000000 
Datos3b279431.txt 27.887758 55309.758970 13.294000 13.481000 Misc 0.000000 0.000000 
Datos3b279537.txt 4.299279 55309.758970 14.268000 14.640000 Misc 0.000000 0.000000 
Datos3b279567.txt 1.490400 55309.758970 15.599000 16.184000 Misc 0.000000 0.000000
Datos3b279240.txt 15.645420 55309.758970 12.470000 12.663000 Misc 0.000000 0.000000 
Datos3b278665.txt 1.082764 55820.561995 14.517000 14.928000 Misc 0.000000 0.000000 
Datos3b27848.txt 3.181484 55839.524416 14.394000 14.812000 Misc 0.000000 0.000000 
Datos3b278478.txt 4.924271 55820.561995 13.613000 14.139000 Misc 0.000000 0.000000 
Datos3b27818.txt 1.979878 55820.561995 14.885000 15.360000 Misc 0.000000 0.000000 
Datos3b278417.txt 1.667471 55820.561995 12.896000 13.233000 Misc 0.000000 0.000000 
Datos3b278499.txt 1.367665 55820.561995 14.900000 15.452000 Misc 0.000000 0.000000 
Datos3b278502.txt 12.381087 55820.561995 12.226000 12.411000 Misc 0.000000 0.000000 
Datos3b278502.txt 12.381087 55820.561995 12.226000 12.411000 Misc 0.000000 0.000000 
Datos3b278668.txt 2.772745 55820.561995 13.725000 13.957000 Misc 0.000000 0.000000 
Datos3b278503.txt 1.331152 55820.561995 14.576000 14.943000 Misc 0.000000 0.000000 
Datos2b279595.txt 0.992294 55309.758970 13.867000 14.084000 Misc 0.000000 0.000000 
Datos2b27975.txt 1.487522 55309.758970 14.881000 15.371000 Misc 0.000000 0.000000 
Datos2b279409.txt 1.487544 55309.758970 14.881000 15.371000 Misc 0.000000 0.000000 
Datos2b279659.txt 4.461163 55309.758970 13.902000 14.403000 Misc 0.000000 0.000000 
Datos2b279474.txt 4.445047 55309.758970 13.915000 14.505000 Misc 0.000000 0.000000 
Datos2b279500.txt 1.457452 55309.758970 14.132000 14.467000 Misc 0.000000 0.000000 
Datos2b279481.txt 1.457514 55309.758970 14.132000 14.467000 Misc 0.000000 0.000000 
Datos2b279538.txt 1.320830 55309.758970 15.502000 16.161000 Misc 0.000000 0.000000 
Datos2b279674.txt 5.206258 55309.758970 13.933000 14.312000 Misc 0.000000 0.000000 
Datos2b279591.txt 1.937032 55309.758970 14.809000 15.360000 Misc 0.000000 0.000000 
Datos2b279662.txt 2.441188 55309.758970 12.663000 12.951000 Misc 0.000000 0.000000 
Datos2b279287.txt 1.532295 55309.758970 13.212000 13.509000 Misc 0.000000 0.000000 
Datos2b279523.txt 15.641014 55309.758970 12.470000 12.663000 Misc 0.000000 0.000000 
Datos2b279680.txt 10.861735 55309.758970 12.989000 13.320000 Misc 0.000000 0.000000
Datos2b279383.txt 3.620582 55309.758970 13.355000 13.565000 Misc 0.000000 0.000000
Datos2b278257.txt 3.181388 55839.524416 14.394000 14.812000 Misc 0.000000 0.000000 
Datos2b278642.txt 2.005137 55820.561995 14.982000 15.417000 Misc 0.000000 0.000000 
Datos2b278155.txt 3.900114 55820.561995 14.514000 14.947000 Misc 0.000000 0.000000 
Datos2b278741.txt 3.508473 55820.561995 14.429000 14.872000 Misc 0.000000 0.000000 
Datos2b278122.txt 1.682448 55820.561995 14.700000 15.061000 Misc 0.000000 0.000000 
Datos2b278275.txt 12.383127 55820.561995 12.226000 12.411000 Misc 0.000000 0.000000 
Datos2b278376.txt 2.399705 55820.561995 12.664000 13.155000 Misc 0.000000 0.000000 
b279D115.txt 4.461622 55309.758970 13.902000 14.403000 Misc 0.000000 0.000000 
b279D124.txt 1.128431 55309.758970 12.442000 12.788000 Misc 0.000000 0.000000 
b279D160.txt 1.878197 55309.758970 12.329000 12.755000 Misc 0.000000 0.000000 
b279D178.txt 1.457510 55309.758970 14.132000 14.467000 Misc 0.000000 0.000000 
b279D54.txt 1.487485 55309.758970 14.881000 15.371000 Misc 0.000000 0.000000 
b279D64.txt 5.207423 55309.758970 13.933000 14.312000 Misc 0.000000 0.000000 
b279D64.txt 5.205655 55309.758970 13.933000 14.312000 Misc 0.000000 0.000000 
b279D65.txt 2.625381 55309.758970 14.726000 15.122000 Misc 0.000000 0.000000 
b278D26.txt 1.972302 55820.561995 14.979000 15.761000 Misc 0.000000 0.000000 
b278D29.txt 1.567313 55820.561995 15.481000 16.134000 Misc 0.000000 0.000000 
b278D48.txt 1.918359 55820.561995 14.777000 15.369000 Misc 0.000000 0.000000 
b278D50.txt 1.440649 55820.561995 15.007000 15.557000 Misc 0.000000 0.000000 
b278D66.txt 1.589601 55820.561995 11.950000 12.316000 Misc 0.000000 0.000000 
b278D75.txt 1.186824 55820.561995 14.918000 15.565000 Misc 0.000000 0.000000 
b278D84.txt 1.367663 55820.561995 14.900000 15.452000 Misc 0.000000 0.000000 
Datos1b279434.txt 15.646142 55309.758970 12.470000 12.663000 Misc 0.000000 0.000000 
Datos1b279190.txt 1.661971 55309.758970 15.389000 16.045000 Misc 0.000000 0.000000 
Datos1b27931.txt 9.143409 55309.758970 13.071000 13.516000 Misc 0.000000 0.000000 
Datos1b279431.txt 9.041459 55309.758970 12.798000 13.158000 Misc 0.000000 0.000000 
Datos1b279628.txt 5.205552 55309.758970 13.933000 14.312000 Misc 0.000000 0.000000 
Datos1b279323.txt 6.318703 55818.523900 12.853000 13.111000 Misc 0.000000 0.000000 
Datos1b279740.txt 1.532334 55309.758970 13.212000 13.509000 Misc 0.000000 0.000000 
Datos1b279434.txt 15.639698 55309.758970 12.470000 12.663000 Misc 0.000000 0.000000 
Datos1b279190.txt 1.661984 55309.758970 15.389000 16.045000 Misc 0.000000 0.000000 
Datos1b27931.txt 9.143409 55309.758970 13.071000 13.516000 Misc 0.000000 0.000000 
Datos1b278839.txt 1.340664 55820.561995 15.362000 15.992000 Misc 0.000000 0.000000 
Datos1b278165.txt 11.337954 55820.561995 12.046000 12.402000 Misc 0.000000 0.000000 
Datos1b278190.txt 4.799804 55820.561995 12.664000 13.155000 Misc 0.000000 0.000000
Datos1b278694.txt 1.667444 55820.561995 12.896000 13.233000 Misc 0.000000 0.000000 
Datos1b27826.txt 1.633825 55820.561995 12.405000 12.659000 Misc 0.000000 0.000000 
Datos1b278610.txt 2.773630 55820.561995 13.725000 13.957000 Misc 0.000000 0.000000 
Datos1b278551.txt 4.609455 55820.561995 13.098000 13.649000 Misc 0.000000 0.000000 
Datos1b278660.txt 13.151165 55820.561995 13.188000 13.394000 Misc 0.000000 0.000000 
Datos1b278849.txt 2.840818 55820.561995 12.331000 12.754000 Misc 0.000000 0.000000 
Datos1b278388.txt 1.233701 55820.561995 12.627000 12.921000 Misc 0.000000 0.000000 
Datos1b278147.txt 1.267378 55820.561995 15.062000 15.715000 Misc 0.000000 0.000000 
