Datos3b279297.txt 0.516343 55309.758970 15.036000 15.423000 Misc 0.000000 0.000000 
Datos3b279596.txt 0.489556 55309.758970 13.652000 13.971000 Misc 0.000000 0.000000 
Datos3b279398.txt 0.182416 55309.758970 14.467000 14.803000 Misc 0.000000 0.000000 
Datos3b2795.txt 0.635638 55309.758970 14.542000 14.821000 Misc 0.000000 0.000000 
Datos3b279185.txt 0.509337 55309.758970 14.140000 14.441000 Misc 0.000000 0.000000 
Datos3b279545.txt 0.609953 55309.758970 14.016000 14.314000 Misc 0.000000 0.000000 
Datos3b279498.txt 0.166540 55309.758970 14.835000 15.551000 Misc 0.000000 0.000000 
Datos3b27949.txt 0.598172 55309.758970 14.651000 14.984000 Misc 0.000000 0.000000 
Datos3b279102.txt 0.472072 55309.758970 15.148000 15.629000 Misc 0.000000 0.000000 
Datos3b279207.txt 0.388962 55309.758970 15.248000 15.646000 Misc 0.000000 0.000000 
Datos3b279187.txt 0.172137 55309.758970 15.347000 16.233000 Misc 0.000000 0.000000 
Datos3b279444.txt 0.184631 55309.758970 13.076000 13.346000 Misc 0.000000 0.000000 
Datos3b279696.txt 0.395323 55309.758970 14.673000 15.010000 Misc 0.000000 0.000000 
Datos3b279548.txt 0.675822 55309.758970 14.028000 14.357000 Misc 0.000000 0.000000 
Datos3b279662.txt 0.604842 55309.758970 14.217000 14.493000 Misc 0.000000 0.000000 
Datos3b279494.txt 0.750001 55309.758970 13.890000 14.119000 Misc 0.000000 0.000000 
Datos3b27993.txt 0.730800 55309.758970 14.436000 14.784000 Misc 0.000000 0.000000 
Datos3b279136.txt 0.625414 55309.758970 14.199000 14.546000 Misc 0.000000 0.000000 
Datos3b279538.txt 0.674059 55309.758970 13.007000 13.173000 Misc 0.000000 0.000000 
Datos3b27935.txt 0.508762 55309.758970 14.384000 14.740000 Misc 0.000000 0.000000 
Datos3b279402.txt 0.520848 55309.758970 13.741000 14.025000 Misc 0.000000 0.000000 
Datos3b279179.txt 0.557070 55309.758970 14.650000 15.015000 Misc 0.000000 0.000000 
Datos3b279681.txt 0.343281 55309.758970 12.895000 13.260000 Misc 0.000000 0.000000 
Datos3b279350.txt 0.214418 55309.758970 14.470000 14.766000 Misc 0.000000 0.000000 
Datos3b27966.txt 0.237897 55309.758970 13.498000 14.045000 Misc 0.000000 0.000000 
Datos3b279255.txt 0.590328 55309.758970 13.134000 13.361000 Misc 0.000000 0.000000 
Datos3b27985.txt 0.559170 55309.758970 14.649000 14.973000 Misc 0.000000 0.000000 
Datos3b279212.txt 0.596868 55309.758970 14.145000 14.431000 Misc 0.000000 0.000000 
Datos3b279381.txt  0.176748 55309.758970 13.828000 14.078000 Misc 0.000000 0.000000 
Datos3b279228.txt 0.715515 55309.758970 13.048000 13.257000 Misc 0.000000 0.000000 
Datos3b279434.txt 0.590298 55309.758970 13.994000 14.318000 Misc 0.000000 0.000000 
Datos3b279505.txt 0.388279 55309.758970 15.596000 16.119000 Misc 0.000000 0.000000 
Datos3b279372.txt 0.443317 55309.758970 14.658000 15.018000 Misc 0.000000 0.000000 
Datos3b27974.txt 0.403610 55309.758970 12.931000 13.183000 Misc 0.000000 0.000000 
Datos3b279152.txt 0.619857 55309.758970 14.747000 15.047000 Misc 0.000000 0.000000 
Datos3b279135.txt 0.600165 55309.758970 13.806000 14.043000 Misc 0.000000 0.000000 
Datos3b279148.txt 0.6007925 5309.758970 14.133000 14.388000 Misc 0.000000 0.000000 
Datos3b279152.txt 0.6199245 5309.758970 14.747000 15.047000 Misc 0.000000 0.000000 
Datos3b278396.txt 0.512624 55820.561995 14.125000 14.364000 Misc 0.000000 0.000000 
Datos3b278241.txt 0.195283 55820.561995 14.655000 15.032000 Misc 0.000000 0.000000 
Datos3b27865.txt 0.243058 55820.561995 12.050000 12.281000 Misc 0.000000 0.000000 
Datos3b278247.txt 0.378076 55820.561995 15.184000 15.706000 Misc 0.000000 0.000000 
Datos3b278606.txt 0.134975 55820.561995 14.981000 15.704000 Misc 0.000000 0.000000 
Datos3b278560.txt 0.437574 55820.561995 15.620000 16.336000 Misc 0.000000 0.000000 
Datos3b278199.txt 0.545440 55820.561995 14.956000 16.027000 Misc 0.000000 0.000000 
Datos3b27897.txt 0.366831 55820.561995 13.158000 13.508000 Misc 0.000000 0.000000 
Datos3b278818.txt 0.164392 55820.561995 15.919000 16.631000 Misc 0.000000 0.000000 
Datos3b278552.txt 0.426923 55820.561995 14.599000 15.096000 Misc 0.000000 0.000000 
Datos3b2788.txt 0.613842 55820.561995 13.806000 14.003000 Misc 0.000000 0.000000 
Datos3b27873.txt 0.518057 55820.561995 14.048000 14.286000 Misc 0.000000 0.000000 
Datos3b278390.txt 0.508804 55820.561995 13.311000 13.555000 Misc 0.000000 0.000000 
Datos3b278764.txt 0.251547 55820.561995 14.362000 14.742000 Misc 0.000000 0.000000 
Datos3b278797.txt 0.494877 55820.561995 14.412000 14.768000 Misc 0.000000 0.000000 
Datos3b278308.txt 0.478659 55820.561995 14.457000 14.768000 Misc 0.000000 0.000000 
Datos3b278299.txt 0.349179 55820.561995 13.472000 13.707000 Misc 0.000000 0.000000 
Datos3b278853.txt 0.407420 55820.561995 13.001000 13.325000 Misc 0.000000 0.000000 
Datos3b278204.txt 0.203634 55820.561995 15.062000 15.467000 Misc 0.000000 0.000000 
Datos3b278465.txt 0.330188 55820.561995 13.242000 13.583000 Misc 0.000000 0.000000
Datos3b278817.txt 0.446593 55820.561995 14.445000 14.838000 Misc 0.000000 0.000000 
Datos3b278835.txt 0.565177 55820.561995 14.164000 14.425000 Misc 0.000000 0.000000 
Datos3b278746.txt 0.228443 55820.561995 14.542000 14.841000 Misc 0.000000 0.000000
Datos3b278354.txt 0.306099 55820.561995 15.927000 16.602000 Misc 0.000000 0.000000 
Datos3b278114.txt 0.550915 55820.561995 14.627000 15.002000 Misc 0.000000 0.000000 
Datos3b278227.txt 0.523952 56484.678742 14.093000 14.375000 Misc 0.000000 0.000000 
Datos3b278174.txt 0.309531 55820.561995 12.961000 13.152000 Misc 0.000000 0.000000 
Datos3b278358.txt 0.207641 55820.561995 15.812000 16.579000 Misc 0.000000 0.000000 
Datos3b278788.txt 0.441784 55820.561995 13.842000 14.127000 Misc 0.000000 0.000000 
Datos3b278525.txt 0.221489 55820.561995 15.029000 15.656000 Misc 0.000000 0.000000 
Datos3b278619.txt 0.235214 55820.561995 15.613000 16.304000 Misc 0.000000 0.000000 
Datos3b278791.txt 0.700118 55820.561995 13.742000 14.034000 Misc 0.000000 0.000000 
Datos3b278840.txt 0.222387 55820.561995 12.238000 12.415000 Misc 0.000000 0.000000 
Datos2b279227.txt 0.487902 55309.758970 14.684000 15.081000 Misc 0.000000 0.000000 
Datos2b279342.txt 0.516335 55309.758970 15.036000 15.423000 Misc 0.000000 0.000000 
Datos2b279656.txt 0.903605 55309.758970 15.030000 15.485000 Misc 0.000000 0.000000 
Datos2b279359.txt 0.340394 55309.758970 15.553000 16.270000 Misc 0.000000 0.000000 
Datos2b279153.txt 0.272399 55309.758970 14.976000 15.421000 Misc 0.000000 0.000000 
Datos2b279384.txt 0.436395 55309.758970 14.951000 15.620000 Misc 0.000000 0.000000 
Datos2b279651.txt 0.600146 55309.758970 13.806000 14.043000 Misc 0.000000 0.000000 
Datos2b279506.txt 0.532138 55309.758970 12.715000 12.957000 Misc 0.000000 0.000000 
Datos2b279446.txt 0.556633 55309.758970 14.161000 14.455000 Misc 0.000000 0.000000 
Datos2b27968.txt 0.205791 55818.523900 14.939000 15.487000 Misc 0.000000 0.000000 
Datos2b279582.txt 0.240450 55309.758970 15.044000 15.448000 Misc 0.000000 0.000000 
Datos2b279214.txt 0.549993 55309.758970 13.190000 13.430000 Misc 0.000000 0.000000 
Datos2b27994.txt 0.565769 55309.758970 14.193000 14.525000 Misc 0.000000 0.000000 
Datos2b279274.txt 0.562695 55309.758970 14.301000 14.602000 Misc 0.000000 0.000000 
Datos2b279587.txt 0.561862 55309.758970 14.228000 14.517000 Misc 0.000000 0.000000 
Datos2b279489.txt 0.458063 55309.758970 12.732000 13.026000 Misc 0.000000 0.000000 
Datos2b279522.txt 0.573358 55309.758970 14.216000 14.606000 Misc 0.000000 0.000000 
Datos2b279271.txt 0.415214 55309.758970 13.187000 13.498000 Misc 0.000000 0.000000 
Datos2b27973.txt 0.360492 55309.758970 13.621000 13.869000 Misc 0.000000 0.000000 
Datos2b279450.txt 0.559170 55309.758970 14.649000 14.973000 Misc 0.000000 0.000000 
Datos2b279461.txt 0.358516 55309.758970 14.688000 15.276000 Misc 0.000000 0.000000 
Datos2b279554.txt 0.388970 55309.758970 15.248000 15.646000 Misc 0.000000 0.000000 
Datos2b279711.txt 0.457295 55309.758970 14.067000 14.362000 Misc 0.000000 0.000000 
Datos2b27926.txt 0.457303 55309.758970 14.067000 14.362000 Misc 0.000000 0.000000 
Datos2b279455.txt 0.604476 55309.758970 13.735000 13.982000 Misc 0.000000 0.000000 
Datos2b279410.txt 0.604503 55309.758970 13.735000 13.982000 Misc 0.000000 0.000000 
Datos2b279180.txt 0.604528 55309.758970 13.735000 13.982000 Misc 0.000000 0.000000 
Datos2b279699.txt 0.150097 55309.758970 14.648000 15.096000 Misc 0.000000 0.000000 
Datos2b279121.txt 0.602988 55309.758970 14.368000 14.622000 Misc 0.000000 0.000000 
Datos2b279156.txt 0.637601 55309.758970 15.596000 16.398000 Misc 0.000000 0.000000 
Datos2b279442.txt 0.172135 55309.758970 15.347000 16.233000 Misc 0.000000 0.000000 
Datos2b279580.txt 0.376272 55309.758970 12.431000 12.894000 Misc 0.000000 0.000000 
Datos2b27937.txt 0.159521 55309.758970 14.056000 14.345000 Misc 0.000000 0.000000 
Datos2b279352.txt 0.590301 55309.758970 13.994000 14.318000 Misc 0.000000 0.000000 
Datos2b279586.txt 0.507689 55309.758970 14.979000 15.340000 Misc 0.000000 0.000000 
Datos2b279648.txt 0.501045 55309.758970 14.185000 14.497000 Misc 0.000000 0.000000 
Datos2b279484.txt 0.489571 55309.758970 13.652000 13.971000 Misc 0.000000 0.000000 
Datos2b279347.txt 0.489568 55309.758970 13.652000 13.971000 Misc 0.000000 0.000000
Datos2b279635.txt 0.456574 55309.758970 14.244000 14.570000 Misc 0.000000 0.000000 
Datos2b279381.txt 0.534694 55309.758970 14.265000 14.571000 Misc 0.000000 0.000000 
Datos2b279411.txt 0.562657 55309.758970 14.301000 14.602000 Misc 0.000000 0.000000
Datos2b279108.txt 0.562685 55309.758970 14.301000 14.602000 Misc 0.000000 0.000000 
Datos2b279464.txt 0.178834 55309.758970 12.696000 12.927000 Misc 0.000000 0.000000 
Datos2b279202.txt 0.573374 55309.758970 14.216000 14.606000 Misc 0.000000 0.000000 
Datos2b2797.txt 0.597792 55309.758970 14.279000 14.613000 Misc 0.000000 0.000000 
Datos2b279623.txt 0.313347 55309.758970 12.798000 13.094000 Misc 0.000000 0.000000 
Datos2b279642.txt 0.551275 55309.758970 14.320000 14.614000 Misc 0.000000 0.000000 
Datos2b27938.txt 0.688668 55309.758970 14.064000 14.351000 Misc 0.000000 0.000000 
Datos2b279303.txt 0.715557 55309.758970 13.048000 13.257000 Misc 0.000000 0.000000
Datos2b279148.txt 0.270564 55309.758970 12.503000 12.724000 Misc 0.000000 0.000000 
Datos2b278538.txt 0.501325 55820.561995 14.417000 14.719000 Misc 0.000000 0.000000 
Datos2b278736.txt 0.497049 55820.561995 14.317000 14.648000 Misc 0.000000 0.000000 
Datos2b278427.txt 0.497060 55820.561995 14.317000 14.648000 Misc 0.000000 0.000000 
Datos2b278352.txt 0.169683 55820.561995 12.380000 12.690000 Misc 0.000000 0.000000 
Datos2b278794.txt 0.549166 55820.561995 14.400000 14.683000 Misc 0.000000 0.000000 
Datos2b278448.txt 0.203632 55820.561995 15.062000 15.467000 Misc 0.000000 0.000000 
Datos2b278329.txt 0.594764 55820.561995 14.213000 14.514000 Misc 0.000000 0.000000 
Datos2b278306.txt 0.605494 55820.561995 14.087000 14.361000 Misc 0.000000 0.000000 
Datos2b278535.txt 0.707213 55820.561995 13.590000 13.858000 Misc 0.000000 0.000000 
Datos2b278692.txt 0.213482 55820.561995 15.549000 16.173000 Misc 0.000000 0.000000
Datos2b278776.txt 0.235211 55820.561995 15.613000 16.304000 Misc 0.000000 0.000000 
Datos2b278707.txt 0.226034 55820.561995 14.962000 15.335000 Misc 0.000000 0.000000 
Datos2b278101.txt 0.381703 55820.561995 14.380000 14.718000 Misc 0.000000 0.000000 
Datos2b278190.txt 0.26540 555820.561995 13.921000 14.344000 Misc 0.000000 0.000000 
Datos2b278474.txt 0.289807 55820.561995 14.787000 15.113000 Misc 0.000000 0.000000 
Datos2b278789.txt 0.586601 55820.561995 14.324000 14.646000 Misc 0.000000 0.000000 
Datos2b278107.txt 0.508795 55820.561995 13.311000 13.555000 Misc 0.000000 0.000000 
Datos2b278616.txt 0.511557 55820.561995 14.240000 14.531000 Misc 0.000000 0.000000 
Datos2b278508.txt 0.511555 55820.561995 14.240000 14.531000 Misc 0.000000 0.000000 
Datos2b27881.txt 0.494784 55820.561995 14.575000 14.896000 Misc 0.000000 0.000000 
Datos2b278772.txt 0.631746 55820.561995 13.872000 14.180000 Misc 0.000000 0.000000 
Datos2b278654.txt 0.203159 55820.561995 13.770000 13.970000 Misc 0.000000 0.000000 
Datos2b278787.txt 0.474682 55820.561995 14.360000 14.698000 Misc 0.000000 0.000000 
Datos2b278580.txt 0.444905 55820.561995 15.304000 15.833000 Misc 0.000000 0.000000 
Datos2b278207.txt 0.707193 55820.561995 13.590000 13.858000 Misc 0.000000 0.000000 
Datos2b278569.txt 0.707315 55820.561995 15.272000 15.681000 Misc 0.000000 0.000000 
Datos2b278268.txt 0.689108 55820.561995 14.843000 15.185000 Misc 0.000000 0.000000 
Datos2b278278.txt 0.463325 55820.561995 12.949000 13.196000 Misc 0.000000 0.000000 
Datos2b278818.txt 0.283817 55820.561995 14.927000 15.531000 Misc 0.000000 0.000000 
Datos2b278812.txt 0.386969 55820.561995 15.286000 15.693000 Misc 0.000000 0.000000 
Datos2b278722.txt 0.242208 55820.561995 15.797000 16.265000 Misc 0.000000 0.000000 
Datos2b278748.txt 0.440341 55820.561995 15.232000 15.638000 Misc 0.000000 0.000000 
Datos2b278671.txt 0.200417 55820.561995 16.126000 16.706000 Misc 0.000000 0.000000 
Datos2b278570.txt 1.059926 55820.561995 15.731000 16.361000 Misc 0.000000 0.000000 
Datos2b278492.txt 0.527911 55820.561995 15.062000 15.498000 Misc 0.000000 0.000000
Datos2b278704.txt 2.603531 55820.561995 15.205000 15.576000 Misc 0.000000 0.000000 
Datos2b278325.txt 0.627370 55820.561995 14.770000 15.214000 Misc 0.000000 0.000000 
Datos2b278507.txt 0.323496 55820.561995 15.112000 15.493000 Misc 0.000000 0.000000 
Datos2b278128.txt 0.377434 55820.561995 14.860000 15.180000 Misc 0.000000 0.000000
Datos2b278628.txt 0.225097 55820.561995 15.649000 16.190000 Misc 0.000000 0.000000 
Datos2b278297.txt 4.554834 55820.561995 15.284000 15.681000 Misc 0.000000 0.000000 
Datos2b278316.txt 0.536000 55820.561995 15.537000 15.967000 Misc 0.000000 0.000000 
Datos2b278819.txt 0.660649 55820.561995 15.778000 16.381000 Misc 0.000000 0.000000 
Datos2b278112.txt 0.399313 55820.561995 14.361000 14.687000 Misc 0.000000 0.000000 
Datos2b278145.txt 0.675847 55820.561995 14.765000 15.064000 Misc 0.000000 0.000000 
Datos2b278575.txt 0.470424 55820.561995 15.613000 16.304000 Misc 0.000000 0.000000 
Datos2b278659.txt 0.751524 55820.561995 15.077000 15.382000 Misc 0.000000 0.000000 
Datos2b278395.txt 3.228805 55820.561995 11.903000 12.205000 Misc 0.000000 0.000000 
Datos2b278215.txt 1.303158 55820.561995 14.078000 14.329000 Misc 0.000000 0.000000 
Datos2b278480.txt 0.342896 55820.561995 14.620000 14.888000 Misc 0.000000 0.000000 
Datos2b27845.txt 0.408072 55820.561995 15.180000 15.511000 Misc 0.000000 0.000000 
Datos2b278597.txt 0.344916 55820.561995 15.247000 15.654000 Misc 0.000000 0.000000 
Datos2b278752.txt 1.311496 55820.561995 14.549000 14.840000 Misc 0.000000 0.000000 
Datos2b278317.txt 1.311417 55820.561995 14.549000 14.840000 Misc 0.000000 0.000000 
Datos2b278484.txt 4.794039 55820.561995 14.888000 15.452000 Misc 0.000000 0.000000 
Datos2b278366.txt 0.507966 55820.561995 14.403000 14.738000 Misc 0.000000 0.000000 
Datos2b278515.txt 0.469193 55820.561995 14.237000 14.525000 Misc 0.000000 0.000000 
Datos2b278178.txt 0.477761 55820.561995 15.542000 16.031000 Misc 0.000000 0.000000 
Datos2b278542.txt 0.478004 55820.561995 14.301000 14.594000 Misc 0.000000 0.000000 
Datos2b278421.txt 0.478008 55820.561995 14.301000 14.594000 Misc 0.000000 0.000000 
Datos2b278124.txt 0.541361 55820.561995 14.408000 14.658000 Misc 0.000000 0.000000 
Datos2b27882.txt 0.425703 55820.561995 15.056000 15.391000 Misc 0.000000 0.000000 
Datos2b278767.txt 0.425701 55820.561995 15.056000 15.391000 Misc 0.000000 0.000000 
Datos2b278611.txt 0.425687 55820.561995 15.056000 15.391000 Misc 0.000000 0.000000 
Datos2b27836.txt 0.425683 55820.561995 15.056000 15.391000 Misc 0.000000 0.000000 
Datos2b278728.txt 0.908277 55820.561995 14.348000 14.720000 Misc 0.000000 0.000000 
b279D0.txt 0.358516 55309.758970 14.688000 15.276000 Misc 0.000000 0.000000 
b279D104.txt 0.192386 55309.758970 14.882000 15.279000 Misc 0.000000 0.000000 
b279D108.txt 0.403611 55309.758970 12.931000 13.183000 Misc 0.000000 0.000000 
b279D114.txt 0.237901 55309.758970 13.498000 14.045000 Misc 0.000000 0.000000 
b279D117.txt 0.230412 55309.758970 15.174000 15.713000 Misc 0.000000 0.000000 
b279D123.txt 0.227365 55309.758970 13.680000 14.226000 Misc 0.000000 0.000000 
b279D129.txt 0.408821 55309.758970 13.301000 14.014000 Misc 0.000000 0.000000 
b279D133.txt 0.487897 55309.758970 14.684000 15.081000 Misc 0.000000 0.000000 
b279D139.txt 0.806555 55309.758970 14.614000 15.031000 Misc 0.000000 0.000000 
b279D155.txt 0.890951 55309.758970 13.259000 13.515000 Misc 0.000000 0.000000 
b279D159.txt 0.340397 55309.758970 15.553000 16.270000 Misc 0.000000 0.000000 
b279D162.txt 0.577629 55309.758970 13.976000 14.257000 Misc 0.000000 0.000000 
b279D165.txt 0.539744 55309.758970 14.038000 14.334000 Misc 0.000000 0.000000 
b279D166.txt 0.396665 55309.758970 14.732000 15.142000 Misc 0.000000 0.000000 
b279D23.txt 0.295611 55309.758970 13.621000 13.943000 Misc 0.000000 0.000000 
b279D31.txt 0.557042 55309.758970 14.650000 15.015000 Misc 0.000000 0.000000 
b279D37.txt 0.458055 55309.758970 12.732000 13.026000 Misc 0.000000 0.000000 
b279D38.txt 0.609956 55309.758970 14.016000 14.314000 Misc 0.000000 0.000000 
b279D43.txt 0.520845 55309.758970 13.741000 14.025000 Misc 0.000000 0.000000 
b279D45.txt 0.489552 55309.758970 13.652000 13.971000 Misc 0.000000 0.000000 
b279D55.txt 0.595674 55309.758970 14.266000 14.625000 Misc 0.000000 0.000000 
b279D5.txt 0.343278 55309.758970 12.895000 13.260000 Misc 0.000000 0.000000 
b279D63.txt 0.469405 55309.758970 13.887000 14.223000 Misc 0.000000 0.000000 
b279D63.txt 0.469441 55309.758970 13.887000 14.223000 Misc 0.000000 0.000000 
b279D6.txt 0.356650 55309.758970 15.525000 16.020000 Misc 0.000000 0.000000 
b279D71.txt 0.623234 55818.523900 13.650000 13.879000 Misc 0.000000 0.000000 
b279D75.txt 0.222295 55309.758970 13.652000 14.145000 Misc 0.000000 0.000000 
b279D86.txt 0.717384 55309.758970 14.462000 14.807000 Misc 0.000000 0.000000 
b279D93.txt 0.625417 55309.758970 14.199000 14.546000 Misc 0.000000 0.000000 
b278D102.txt 0.211804 55820.561995 13.996000 14.475000 Misc 0.000000 0.000000 
b278D13.txt 0.164445 55820.561995 14.577000 14.991000 Misc 0.000000 0.000000 
b278D33.txt 0.175307 55820.561995 14.869000 15.594000 Misc 0.000000 0.000000 
b278D38.txt 0.153595 55820.561995 13.581000 13.999000 Misc 0.000000 0.000000 
b278D40.txt 0.377321 55820.561995 14.597000 15.187000 Misc 0.000000 0.000000 
b278D43.txt 0.253834 55820.561995 12.895000 13.248000 Misc 0.000000 0.000000 
b278D47.txt 0.265407 55820.561995 13.921000 14.344000 Misc 0.000000 0.000000 
b278D58.txt 0.240681 55820.561995 14.364000 14.831000 Misc 0.000000 0.000000 
b278D65.txt 0.247172 55820.561995 14.988000 15.478000 Misc 0.000000 0.000000 
b278D71.txt 0.330186 55820.561995 13.242000 13.583000 Misc 0.000000 0.000000 
Datos1b279523.txt 0.487902 55309.758970 14.684000 15.081000 Misc 0.000000 0.000000 
Datos1b279366.txt 0.508756 55309.758970 14.384000 14.740000 Misc 0.000000 0.000000 
Datos1b279585.txt 0.482271 55309.758970 13.420000 13.748000 Misc 0.000000 0.000000 
Datos1b279263.txt 0.486705 55309.758970 14.827000 15.288000 Misc 0.000000 0.000000 
Datos1b279542.txt 0.489573 55309.758970 13.652000 13.971000 Misc 0.000000 0.000000 
Datos1b27953.txt 0.554558 55309.758970 13.193000 13.414000 Misc 0.000000 0.000000 
Datos1b279630.txt 0.900976 55309.758970 13.047000 13.778000 Misc 0.000000 0.000000 
Datos1b279412.txt 0.187051 55309.758970 13.295000 13.545000 Misc 0.000000 0.000000 
Datos1b279682.txt 0.532142 55309.758970 12.715000 12.957000 Misc 0.000000 0.000000 
Datos1b279574.txt 0.532138 55309.758970 12.715000 12.957000 Misc 0.000000 0.000000 
Datos1b279687.txt 0.533829 55309.758970 14.105000 14.426000 Misc 0.000000 0.000000 
Datos1b279335.txt 0.609950 55309.758970 14.016000 14.314000 Misc 0.000000 0.000000 
Datos1b279673.txt 0.205791 55818.523900 14.939000 15.487000 Misc 0.000000 0.000000 
Datos1b279397.txt 0.565756 55309.758970 14.193000 14.525000 Misc 0.000000 0.000000 
Datos1b279132.txt 0.222291 55309.758970 13.652000 14.145000 Misc 0.000000 0.000000 
Datos1b279185.txt 0.178834 55309.758970 12.696000 12.927000 Misc 0.000000 0.000000 
Datos1b27914.txt 0.573351 55309.758970 14.216000 14.606000 Misc 0.000000 0.000000 
Datos1b279353.txt 0.184215 55309.758970 13.767000 13.991000 Misc 0.000000 0.000000 
Datos1b279400.txt 0.588225 55818.523900 13.487000 13.798000 Misc 0.000000 0.000000 
Datos1b279613.txt 0.559177 55309.758970 14.649000 14.973000 Misc 0.000000 0.000000 
Datos1b279497.txt 0.358518 55309.758970 14.688000 15.276000 Misc 0.000000 0.000000 
Datos1b279364.txt 0.362277 55309.758970 12.712000 13.113000 Misc 0.000000 0.000000 
Datos1b279144.txt 0.577622 55309.758970 13.976000 14.257000 Misc 0.000000 0.000000 
Datos1b279647.txt 0.806556 55309.758970 14.614000 15.031000 Misc 0.000000 0.000000 
Datos1b2795.txt 0.806548 55309.758970 14.614000 15.031000 Misc 0.000000 0.000000 
Datos1b279280.txt 0.704893 55309.758970 14.078000 14.479000 Misc 0.000000 0.000000 
Datos1b279106.txt 0.750000 55309.758970 13.890000 14.119000 Misc 0.000000 0.000000 
Datos1b2798.txt 0.717373 55309.758970 14.462000 14.807000 Misc 0.000000 0.000000 
Datos1b279543.txt 0.717342 55309.758970 14.462000 14.807000 Misc 0.000000 0.000000 
Datos1b279639.txt 0.730800 55309.758970 14.436000 14.784000 Misc 0.000000 0.000000 
Datos1b279240.txt 0.730799 55309.758970 14.436000 14.784000 Misc 0.000000 0.000000 
Datos1b279594.txt 0.403609 55309.758970 12.931000 13.183000 Misc 0.000000 0.000000 
Datos1b279687.txt 0.533850 55309.758970 14.105000 14.426000 Misc 0.000000 0.000000 
Datos1b279687.txt 0.533824 55309.758970 14.105000 14.426000 Misc 0.000000 0.000000 
Datos1b279687.txt 0.533824 55309.758970 14.105000 14.426000 Misc 0.000000 0.000000 
Datos1b278234.txt 0.359101 55820.561995 15.429000 15.971000 Misc 0.000000 0.000000 
Datos1b278583.txt 0.195283 55820.561995 14.655000 15.032000 Misc 0.000000 0.000000 
Datos1b27819.txt 0.143456 55820.561995 14.211000 14.579000 Misc 0.000000 0.000000 
Datos1b278567.txt 0.330188 55820.561995 13.242000 13.583000 Misc 0.000000 0.000000 
Datos1b27863.txt 0.253837 55820.561995 12.895000 13.248000 Misc 0.000000 0.000000 
Datos1b27816.txt 0.528618 55820.561995 13.984000 14.257000 Misc 0.000000 0.000000 
Datos1b27827.txt 0.644398 55820.561995 15.190000 15.706000 Misc 0.000000 0.000000 
Datos1b278203.txt 0.300592 55820.561995 13.931000 14.369000 Misc 0.000000 0.000000 
Datos1b278530.txt 0.536003 55820.561995 13.887000 14.202000 Misc 0.000000 0.000000 
Datos1b278628.txt 0.377321 55820.561995 14.597000 15.187000 Misc 0.000000 0.000000 
Datos1b278523.txt 0.569375 55820.561995 14.464000 14.797000 Misc 0.000000 0.000000 
Datos1b278402.txt 0.508809 55820.561995 13.311000 13.555000 Misc 0.000000 0.000000 
Datos1b278434.txt 0.508165 55820.561995 14.524000 14.837000 Misc 0.000000 0.000000 
Datos1b278471.txt 0.529821 55820.561995 14.162000 14.494000 Misc 0.000000 0.000000 
Datos1b278760.txt 0.477022 55820.561995 12.258000 12.444000 Misc 0.000000 0.000000 
Datos1b278360.txt 0.599211 55820.561995 14.264000 14.532000 Misc 0.000000 0.000000 
Datos1b278238.txt 0.560915 55820.561995 14.279000 14.564000 Misc 0.000000 0.000000 
Datos1b278158.txt 0.412290 55820.561995 12.004000 12.328000 Misc 0.000000 0.000000 
Datos1b278112.txt 0.687677 55820.561995 14.090000 14.359000 Misc 0.000000 0.000000 
Datos1b278727.txt 0.644397 55820.561995 15.190000 15.706000 Misc 0.000000 0.000000 
Datos1b278492.txt 0.441780 55820.561995 13.842000 14.127000 Misc 0.000000 0.000000 
Datos1b27860.txt 0.211802 55820.561995 13.996000 14.475000 Misc 0.000000 0.000000 
Datos1b278833.txt 0.567471 55820.561995 13.235000 13.504000 Misc 0.000000 0.000000 
Datos1b278611.txt 0.402933 55820.561995 13.392000 13.623000 Misc 0.000000 0.000000 

