Datos3b279552.txt 0.992350 55309.758970 13.867000 14.084000 Misc 0.000000 0.000000 
Datos3b279396.txt 2.413319 55309.758970 16.001000 16.684000 Misc 0.000000 0.000000 
Datos3b279568.txt 0.417723 55309.758970 15.581000 16.117000 Misc 0.000000 0.000000 
Datos3b279525.txt 0.414771 55309.758970 15.911000 16.456000 Misc 0.000000 0.000000 
Datos3b279385.txt 0.438983 55309.758970 14.212000 14.568000 Misc 0.000000 0.000000
Datos3b278820.txt 1.191282 55820.561995 13.376000 13.591000 Misc 0.000000 0.000000 
Datos3b278844.txt 0.598913 55820.561995 15.770000 16.364000 Misc 0.000000 0.000000 
Datos3b278437.txt 0.619845 55820.561995 14.831000 15.368000 Misc 0.000000 0.000000 
Datos3b278214.txt 0.908221 55820.561995 14.087000 14.361000 Misc 0.000000 0.000000 
Datos3b278235.txt 0.311772 55820.561995 14.423000 14.833000 Misc 0.000000 0.000000 
Datos3b278303.txt 0.311453 55820.561995 15.796000 16.342000 Misc 0.000000 0.000000 
Datos3b27827.txt 0.529821 55820.561995 14.162000 14.494000 Misc 0.000000 0.000000
Datos3b278200.txt 0.344554 55820.561995 14.843000 15.185000 Misc 0.000000 0.000000 
Datos3b278757.txt 0.478001 55820.561995 14.301000 14.594000 Misc 0.000000 0.000000
Datos3b27811.txt 0.474819 55820.561995 15.083000 15.511000 Misc 0.000000 0.000000
Datos3b278108.txt 0.473944 55820.561995 13.740000 14.023000 Misc 0.000000 0.000000 
Datos3b278151.txt 0.545106 55820.561995 14.031000 14.340000 Misc 0.000000 0.000000 
Datos3b278320.txt 0.454138 55820.561995 14.348000 14.720000 Misc 0.000000 0.000000
Datos3b278721.txt 0.473624 55820.561995 14.600000 14.948000 Misc 0.000000 0.000000
Datos3b27892.txt 0.610936 55820.561995 14.092000 14.461000 Misc 0.000000 0.000000
Datos2b279307.txt 0.963115 55309.758970 15.074000 15.429000 Misc 0.000000 0.000000 
Datos2b279486.txt 19.571959 55309.758970 12.627000 12.795000 Misc 0.000000 0.000000 
Datos2b279259.txt 0.922493 55309.758970 14.802000 15.175000 Misc 0.000000 0.000000 
Datos2b279704.txt 0.975561 55309.758970 15.388000 15.806000 Misc 0.000000 0.000000 
Datos2b279645.txt 0.672909 55309.758970 14.759000 15.080000 Misc 0.000000 0.000000 
Datos2b279177.txt 0.787963 55309.758970 15.695000 16.194000 Misc 0.000000 0.000000 
Datos2b279149.txt 0.433875 55309.758970 14.691000 15.499000 Misc 0.000000 0.000000 
Datos2b279358.txt 0.641059 55309.758970 15.259000 15.939000 Misc 0.000000 0.000000 
Datos2b279343.txt 0.367946 55309.758970 15.766000 16.431000 Misc 0.000000 0.000000 
Datos2b279655.txt 0.900469 55309.758970 15.876000 16.496000 Misc 0.000000 0.000000 
Datos2b279712.txt 0.337344 55309.758970 15.751000 16.275000 Misc 0.000000 0.000000 
Datos2b279404.txt 0.361339 55309.758970 15.709000 16.273000 Misc 0.000000 0.000000 
Datos2b279348.txt 0.722655 55309.758970 15.709000 16.273000 Misc 0.000000 0.000000 
Datos2b279517.txt 7.863442 55309.758970 15.363000 15.836000 Misc 0.000000 0.000000 
Datos2b279576.txt 0.434212 55309.758970 15.508000 15.968000 Misc 0.000000 0.000000 
Datos2b279225.txt 0.356644 55309.758970 15.525000 16.020000 Misc 0.000000 0.000000 
Datos2b279502.txt 0.509338 55309.758970 14.140000 14.441000 Misc 0.000000 0.000000 
Datos2b279544.txt 0.931179 55309.758970 14.455000 14.791000 Misc 0.000000 0.000000 
Datos2b27936.txt 0.445285 55309.758970 14.212000 14.575000 Misc 0.000000 0.000000 
Datos2b27981.txt 0.395879 55309.758970 15.956000 16.526000 Misc 0.000000 0.000000
Datos2b279349.txt 0.926980 55309.758970 14.415000 14.778000 Misc 0.000000 0.000000 
Datos2b279212.txt 0.598204 55309.758970 14.651000 14.984000 Misc 0.000000 0.000000 
Datos2b279224.txt 0.596884 55309.758970 14.145000 14.431000 Misc 0.000000 0.000000
Datos2b2796.txt 0.570418 55309.758970 14.242000 14.609000 Misc 0.000000 0.000000 
Datos2b279193.txt 0.583332 55309.758970 14.551000 14.962000 Misc 0.000000 0.000000 
Datos2b27941.txt 0.414773 55309.758970 15.911000 16.456000 Misc 0.000000 0.000000 
Datos2b279714.txt 0.270573 55309.758970 12.503000 12.724000 Misc 0.000000 0.000000 
b279D132.txt 1.000000 55309.758970 13.856000 13.956000 Misc 0.000000 0.000000 
b279D13.txt 0.247293 55309.758970 14.916000 15.392000 Misc 0.000000 0.000000 
b279D172.txt 0.445295 55309.758970 14.212000 14.575000 Misc 0.000000 0.000000 
b279D177.txt 1.807024 55309.758970 15.005000 15.480000 Misc 0.000000 0.000000 
b279D20.txt 0.921250 55818.523900 15.252000 15.754000 Misc 0.000000 0.000000 
b279D22.txt 1.139217 55309.758970 12.784000 13.128000 Misc 0.000000 0.000000 
b279D29.txt 0.133556 55309.758970 14.754000 15.183000 Misc 0.000000 0.000000 
b279D42.txt 0.344527 55309.758970 15.080000 15.570000 Misc 0.000000 0.000000 
b279D74.txt 0.213654 55818.523900 15.187000 15.761000 Misc 0.000000 0.000000 
b279D76.txt 0.353712 55309.758970 14.229000 14.591000 Misc 0.000000 0.000000 
b279D7.txt 1.801033 55309.758970 15.876000 16.496000 Misc 0.000000 0.000000 
b279D90.txt 0.443317 55309.758970 14.658000 15.018000 Misc 0.000000 0.000000 
b279D99.txt 0.104017 55309.758970 14.126000 14.590000 Misc 0.000000 0.000000 
b279D99.txt 0.104017 55309.758970 14.126000 14.590000 Misc 0.000000 0.000000 
b278D46.txt 1.748061 55820.561995 12.998000 13.320000 Misc 0.000000 0.000000 
b278D59.txt 546.431762 55820.561995 12.887000 13.188000 Misc 0.000000 0.000000 
b278D7.txt 0.372938 55820.561995 15.514000 16.147000 Misc 0.000000 0.000000 
b278D91.txt 0.280635 55820.561995 15.107000 15.852000 Misc 0.000000 0.000000 
Datos1b279196.txt 1.032717 55309.758970 15.036000 15.423000 Misc 0.000000 0.000000 
Datos1b279552.txt 0.509343 55309.758970 14.140000 14.441000 Misc 0.000000 0.000000 
Datos1b279450.txt 1.018674 55309.758970 14.140000 14.441000 Misc 0.000000 0.000000 
Datos1b279607.txt 0.461773 55309.758970 14.669000 15.008000 Misc 0.000000 0.000000 
Datos1b27955.txt 0.883143 55309.758970 15.488000 15.928000 Misc 0.000000 0.000000 
Datos1b279516.txt 0.562695 55309.758970 14.301000 14.602000 Misc 0.000000 0.000000 
Datos1b279465.txt 0.562685 55309.758970 14.301000 14.602000 Misc 0.000000 0.000000 
Datos1b279553.txt 1.494069 55309.758970 14.922000 15.299000 Misc 0.000000 0.000000 
Datos1b279145.txt 0.540275 55309.758970 14.017000 14.317000 Misc 0.000000 0.000000 
Datos1b279677.txt 0.443397 55309.758970 15.089000 15.519000 Misc 0.000000 0.000000 
Datos1b279504.txt 0.598177 55309.758970 14.651000 14.984000 Misc 0.000000 0.000000 
Datos1b279254.txt 0.598169 55309.758970 14.651000 14.984000 Misc 0.000000 0.000000 
Datos1b279411.txt 0.544565 55309.758970 13.920000 14.177000 Misc 0.000000 0.000000 
Datos1b279389.txt 0.367945 55309.758970 15.766000 16.431000 Misc 0.000000 0.000000 
Datos1b279195.txt 0.596910 55309.758970 14.145000 14.431000 Misc 0.000000 0.000000 
Datos1b27942.txt 0.184629 55309.758970 13.076000 13.346000 Misc 0.000000 0.000000 
Datos1b2790.txt 2.769271 55309.758970 14.659000 14.981000 Misc 0.000000 0.000000 
Datos1b279661.txt 0.588106 55309.758970 14.242000 14.518000 Misc 0.000000 0.000000 
Datos1b27972.txt 0.237253 55309.758970 15.156000 15.562000 Misc 0.000000 0.000000 
Datos1b279707.txt 0.213653 55818.523900 15.187000 15.761000 Misc 0.000000 0.000000 
Datos1b279474.txt 0.213654 55818.523900 15.187000 15.761000 Misc 0.000000 0.000000 
Datos1b279264.txt 0.319045 55309.758970 14.056000 14.345000 Misc 0.000000 0.000000 
Datos1b279519.txt 0.760398 55309.758970 15.134000 15.613000 Misc 0.000000 0.000000 
Datos1b279337.txt 0.200855 55309.758970 14.908000 15.311000 Misc 0.000000 0.000000 
Datos1b279213.txt 1.248301 55309.758970 15.423000 15.900000 Misc 0.000000 0.000000 
Datos1b27982.txt 0.650517 55309.758970 15.648000 16.377000 Misc 0.000000 0.000000 
Datos1b279404.txt 0.650522 55309.758970 15.648000 16.377000 Misc 0.000000 0.000000 
Datos1b279523.txt 0.975781 55309.758970 14.684000 15.081000 Misc 0.000000 0.000000 
Datos1b279263.txt 0.486960 55309.758970 14.827000 15.288000 Misc 0.000000 0.000000 
Datos1b279542.txt 0.979251 55309.758970 13.652000 13.971000 Misc 0.000000 0.000000 
Datos1b278446.txt 0.407258 55820.561995 15.062000 15.467000 Misc 0.000000 0.000000 
Datos1b278770.txt 0.329023 55820.561995 15.278000 15.740000 Misc 0.000000 0.000000 
Datos1b278357.txt 2.973363 55820.561995 15.465000 16.033000 Misc 0.000000 0.000000 
Datos1b278357.txt 2.973363 55820.561995 15.465000 16.033000 Misc 0.000000 0.000000 
Datos1b278357.txt 2.973363 55820.561995 15.465000 16.033000 Misc 0.000000 0.000000 
Datos1b278520.txt 1.207917 55820.561995 15.212000 15.840000 Misc 0.000000 0.000000 
Datos1b278648.txt 0.947291 55820.561995 14.600000 14.948000 Misc 0.000000 0.000000 
Datos1b278377.txt 5.546614 55820.561995 13.725000 13.957000 Misc 0.000000 0.000000 
Datos1b278336.txt 5.546850 55820.561995 13.725000 13.957000 Misc 0.000000 0.000000 
Datos1b278313.txt 1.166629 55820.561995 14.114000 14.430000 Misc 0.000000 0.000000 
Datos1b278258.txt 4.572412 55820.561995 12.570000 12.881000 Misc 0.000000 0.000000 
Datos1b278226.txt 1.331140 55820.561995 14.576000 14.943000 Misc 0.000000 0.000000 
Datos1b278601.txt 1.198620 55820.561995 13.963000 14.211000 Misc 0.000000 0.000000 
Datos1b278699.txt 6.893688 55820.561995 14.031000 14.264000 Misc 0.000000 0.000000 
Datos1b278662.txt 0.512959 55820.561995 14.129000 14.435000 Misc 0.000000 0.000000 
Datos1b278116.txt 0.511159 55820.561995 14.516000 14.832000 Misc 0.000000 0.000000 
Datos1b278164.txt 0.469194 55820.561995 14.237000 14.525000 Misc 0.000000 0.000000 
Datos1b27855.txt 0.521741 55820.561995 14.202000 14.551000 Misc 0.000000 0.000000 
Datos1b278215.txt 0.535249 55820.561995 14.272000 14.605000 Misc 0.000000 0.000000 
Datos1b27852.txt 0.474123 55820.561995 14.424000 14.830000 Misc 0.000000 0.000000 
Datos1b278189.txt 0.474098 55820.561995 14.424000 14.830000 Misc 0.000000 0.000000 
Datos1b278806.txt 0.439588 55820.561995 14.464000 14.768000 Misc 0.000000 0.000000 
Datos1b278143.txt 0.259714 55820.561995 16.292000 17.018000 Misc 0.000000 0.000000 
Datos1b278156.txt 0.467442 55820.561995 14.402000 14.808000 Misc 0.000000 0.000000 
Datos1b278276.txt 0.393700 55820.561995 14.700000 15.097000 Misc 0.000000 0.000000 
Datos1b278162.txt 0.560920 55820.561995 14.286000 14.630000 Misc 0.000000 0.000000 
Datos1b278245.txt 0.432314 55820.561995 14.646000 14.991000 Misc 0.000000 0.000000 
Datos1b278557.txt 0.439135 55820.561995 13.841000 14.073000 Misc 0.000000 0.000000
Datos1b278687.txt 0.328776 55820.561995 15.919000 16.631000 Misc 0.000000 0.000000 
Datos1b278264.txt 0.280730 55820.561995 15.460000 15.909000 Misc 0.000000 0.000000 
Datos1b278403.txt 0.567463 55820.561995 13.235000 13.504000 Misc 0.000000 0.000000 
Datos1b27895.txt 0.286981 55820.561995 13.392000 13.623000 Misc 0.000000 0.000000 
Datos1b278611.txt 0.286980 55820.561995 13.392000 13.623000 Misc 0.000000 0.000000 
