Datos2b278538.txt 1.002643 55820.561995 14.417000 14.719000 Misc 0.000000 0.000000 
Datos2b278441.txt 0.503084 55820.561995 14.362000 14.742000 Misc 0.000000 0.000000 
Datos2b278497.txt 1.005530 55820.561995 14.479000 14.762000 Misc 0.000000 0.000000 
Datos2b278736.txt 0.994125 55820.561995 14.317000 14.648000 Misc 0.000000 0.000000 
Datos2b278427.txt 0.994144 55820.561995 14.317000 14.648000 Misc 0.000000 0.000000 
Datos2b278569.txt 0.707315 55820.561995 15.272000 15.681000 Misc 0.000000 0.000000 
Datos2b278352.txt 0.339365 55820.561995 12.380000 12.690000 Misc 0.000000 0.000000 
Datos2b278794.txt 1.098316 55820.561995 14.400000 14.683000 Misc 0.000000 0.000000 
Datos2b278268.txt 0.689108 55820.561995 14.843000 15.185000 Misc 0.000000 0.000000 
Datos2b278448.txt 0.407271 55820.561995 15.062000 15.467000 Misc 0.000000 0.000000 
Datos2b278629.txt 8.795303 55820.561995 14.257000 14.727000 Misc 0.000000 0.000000 
Datos2b278278.txt 0.463325 55820.561995 12.949000 13.196000 Misc 0.000000 0.000000 
Datos2b278818.txt 0.283816 55820.561995 14.927000 15.531000 Misc 0.000000 0.000000 
Datos2b278812.txt 0.774269 55820.561995 15.286000 15.693000 Misc 0.000000 0.000000 
Datos2b278722.txt 0.242208 55820.561995 15.797000 16.265000 Misc 0.000000 0.000000 
Datos2b278329.txt 1.189477 55820.561995 14.213000 14.514000 Misc 0.000000 0.000000 
Datos2b278748.txt 0.440338 55820.561995 15.232000 15.638000 Misc 0.000000 0.000000 
Datos2b278671.txt 0.401044 55820.561995 16.126000 16.706000 Misc 0.000000 0.000000 
Datos2b278570.txt 1.059987 55820.561995 15.731000 16.361000 Misc 0.000000 0.000000 
Datos2b278492.txt 0.527911 55820.561995 15.062000 15.498000 Misc 0.000000 0.000000 
Datos2b278704.txt 2.603531 55820.561995 15.205000 15.576000 Misc 0.000000 0.000000 
Datos2b278325.txt 0.627370 55820.561995 14.770000 15.214000 Misc 0.000000 0.000000 
Datos2b278507.txt 0.323496 55820.561995 15.112000 15.493000 Misc 0.000000 0.000000 
Datos2b278128.txt 0.377434 55820.561995 14.860000 15.180000 Misc 0.000000 0.000000 
Datos2b278257.txt 6.362214 55839.524416 14.394000 14.812000 Misc 0.000000 0.000000 
Datos2b278306.txt 1.211028 55820.561995 14.087000 14.361000 Misc 0.000000 0.000000 
Datos2b278628.txt 0.225097 55820.561995 15.649000 16.190000 Misc 0.000000 0.000000 
Datos2b278642.txt 2.005137 55820.561995 14.982000 15.417000 Misc 0.000000 0.000000 
Datos2b278535.txt 1.414411 55820.561995 13.590000 13.858000 Misc 0.000000 0.000000 
Datos2b278476.txt 2.534613 55820.561995 15.062000 15.715000 Misc 0.000000 0.000000 
Datos2b278297.txt 4.554834 55820.561995 15.284000 15.681000 Misc 0.000000 0.000000 
Datos2b278316.txt 0.536000 55820.561995 15.537000 15.967000 Misc 0.000000 0.000000 
Datos2b278792.txt 4.799198 55820.561995 12.664000 13.155000 Misc 0.000000 0.000000 
Datos2b278819.txt 0.660649 55820.561995 15.778000 16.381000 Misc 0.000000 0.000000 
Datos2b278692.txt 0.426958 55820.561995 15.549000 16.173000 Misc 0.000000 0.000000 
Datos2b278112.txt 0.399313 55820.561995 14.361000 14.687000 Misc 0.000000 0.000000 
Datos2b278145.txt 0.675847 55820.561995 14.765000 15.064000 Misc 0.000000 0.000000 
Datos2b278776.txt 0.470426 55820.561995 15.613000 16.304000 Misc 0.000000 0.000000 
Datos2b278575.txt 0.470424 55820.561995 15.613000 16.304000 Misc 0.000000 0.000000 
Datos2b278155.txt 7.800664 55820.561995 14.514000 14.947000 Misc 0.000000 0.000000 
Datos2b278707.txt 0.452068 55820.561995 14.962000 15.335000 Misc 0.000000 0.000000 
Datos2b278741.txt 3.508473 55820.561995 14.429000 14.872000 Misc 0.000000 0.000000 
Datos2b278659.txt 0.751524 55820.561995 15.077000 15.382000 Misc 0.000000 0.000000 
Datos2b278395.txt 3.228805 55820.561995 11.903000 12.205000 Misc 0.000000 0.000000 
Datos2b278101.txt 0.763415 55820.561995 14.380000 14.718000 Misc 0.000000 0.000000 
Datos2b278215.txt 1.303158 55820.561995 14.078000 14.329000 Misc 0.000000 0.000000 
Datos2b278122.txt 1.682448 55820.561995 14.700000 15.061000 Misc 0.000000 0.000000 
Datos2b278190.txt 0.530820 55820.561995 13.921000 14.344000 Misc 0.000000 0.000000 
Datos2b278480.txt 0.342896 55820.561995 14.620000 14.888000 Misc 0.000000 0.000000 
Datos2b27845.txt 0.408072 55820.561995 15.180000 15.511000 Misc 0.000000 0.000000 
Datos2b278597.txt 0.344916 55820.561995 15.247000 15.654000 Misc 0.000000 0.000000 
Datos2b278752.txt 1.311496 55820.561995 14.549000 14.840000 Misc 0.000000 0.000000 
Datos2b278317.txt 1.311417 55820.561995 14.549000 14.840000 Misc 0.000000 0.000000 
Datos2b278474.txt 0.579613 55820.561995 14.787000 15.113000 Misc 0.000000 0.000000 
Datos2b278484.txt 4.794039 55820.561995 14.888000 15.452000 Misc 0.000000 0.000000 
Datos2b279227.txt 0.975775 55309.758970 14.684000 15.081000 Misc 0.000000 0.000000 
Datos2b279342.txt 0.516352 55309.758970 15.036000 15.423000 Misc 0.000000 0.000000 
Datos2b279595.txt 1.984411 55309.758970 13.867000 14.084000 Misc 0.000000 0.000000 
Datos2b279307.txt 0.963115 55309.758970 15.074000 15.429000 Misc 0.000000 0.000000 
Datos2b279656.txt 1.807192 55309.758970 15.030000 15.485000 Misc 0.000000 0.000000 
Datos2b279359.txt 0.680794 55309.758970 15.553000 16.270000 Misc 0.000000 0.000000 
Datos2b279486.txt 20.194836 55309.758970 12.627000 12.795000 Misc 0.000000 0.000000 
Datos2b279153.txt 0.272401 55309.758970 14.976000 15.421000 Misc 0.000000 0.000000 
Datos2b279259.txt 0.922493 55309.758970 14.802000 15.175000 Misc 0.000000 0.000000 
Datos2b279384.txt 0.872786 55309.758970 14.951000 15.620000 Misc 0.000000 0.000000 
Datos2b279704.txt 0.975561 55309.758970 15.388000 15.806000 Misc 0.000000 0.000000 
Datos2b279645.txt 0.672905 55309.758970 14.759000 15.080000 Misc 0.000000 0.000000 
Datos2b279651.txt 1.200287 55309.758970 13.806000 14.043000 Misc 0.000000 0.000000 
Datos2b279506.txt 1.064277 55309.758970 12.715000 12.957000 Misc 0.000000 0.000000 
Datos2b279446.txt 1.113258 55309.758970 14.161000 14.455000 Misc 0.000000 0.000000 
Datos2b27975.txt 2.975607 55309.758970 14.881000 15.371000 Misc 0.000000 0.000000 
Datos2b279409.txt 2.975292 55309.758970 14.881000 15.371000 Misc 0.000000 0.000000 
Datos2b279659.txt 8.921748 55309.758970 13.902000 14.403000 Misc 0.000000 0.000000 
Datos2b279474.txt 8.885217 55309.758970 13.915000 14.505000 Misc 0.000000 0.000000 
Datos2b27968.txt 0.411585 55818.523900 14.939000 15.487000 Misc 0.000000 0.000000 
Datos2b279582.txt 0.480900 55309.758970 15.044000 15.448000 Misc 0.000000 0.000000 
Datos2b279214.txt 1.100045 55309.758970 13.190000 13.430000 Misc 0.000000 0.000000 
Datos2b27994.txt 1.131584 55309.758970 14.193000 14.525000 Misc 0.000000 0.000000 
Datos2b279274.txt 1.125370 55309.758970 14.301000 14.602000 Misc 0.000000 0.000000 
Datos2b279587.txt 0.561862 55309.758970 14.228000 14.517000 Misc 0.000000 0.000000 
Datos2b279500.txt 2.914928 55309.758970 14.132000 14.467000 Misc 0.000000 0.000000 
Datos2b279481.txt 2.914770 55309.758970 14.132000 14.467000 Misc 0.000000 0.000000 
Datos2b279538.txt 2.641660 55309.758970 15.502000 16.161000 Misc 0.000000 0.000000 
Datos2b279177.txt 1.576628 55309.758970 15.695000 16.194000 Misc 0.000000 0.000000 
Datos2b279489.txt 0.916118 55309.758970 12.732000 13.026000 Misc 0.000000 0.000000 
Datos2b279149.txt 0.289247 55309.758970 14.691000 15.499000 Misc 0.000000 0.000000 
Datos2b279543.txt 0.357665 55309.758970 12.696000 12.927000 Misc 0.000000 0.000000 
Datos2b279674.txt 10.412333 55309.758970 13.933000 14.312000 Misc 0.000000 0.000000 
Datos2b279522.txt 1.146681 55309.758970 14.216000 14.606000 Misc 0.000000 0.000000 
Datos2b279271.txt 0.830428 55309.758970 13.187000 13.498000 Misc 0.000000 0.000000 
Datos2b27973.txt 0.720989 55309.758970 13.621000 13.869000 Misc 0.000000 0.000000 
Datos2b279358.txt 1.282173 55309.758970 15.259000 15.939000 Misc 0.000000 0.000000 
Datos2b279450.txt 1.118361 55309.758970 14.649000 14.973000 Misc 0.000000 0.000000 
Datos2b279461.txt 0.717032 55309.758970 14.688000 15.276000 Misc 0.000000 0.000000 
Datos2b279343.txt 0.367946 55309.758970 15.766000 16.431000 Misc 0.000000 0.000000 
Datos2b279554.txt 0.636601 55309.758970 15.248000 15.646000 Misc 0.000000 0.000000 
Datos2b279711.txt 0.914607 55309.758970 14.067000 14.362000 Misc 0.000000 0.000000 
Datos2b27926.txt 0.457303 55309.758970 14.067000 14.362000 Misc 0.000000 0.000000 
Datos2b279666.txt 0.626698 55309.758970 12.798000 13.094000 Misc 0.000000 0.000000 
Datos2b279591.txt 1.937032 55309.758970 14.809000 15.360000 Misc 0.000000 0.000000 
Datos2b279455.txt 1.209101 55309.758970 13.735000 13.982000 Misc 0.000000 0.000000 
Datos2b279410.txt 0.604540 55309.758970 13.735000 13.982000 Misc 0.000000 0.000000 
Datos2b279180.txt 1.209093 55309.758970 13.735000 13.982000 Misc 0.000000 0.000000 
Datos2b279655.txt 1.801036 55309.758970 15.876000 16.496000 Misc 0.000000 0.000000 
Datos2b279699.txt 0.300197 55309.758970 14.648000 15.096000 Misc 0.000000 0.000000 
Datos2b279121.txt 1.205916 55309.758970 14.368000 14.622000 Misc 0.000000 0.000000 
Datos2b279712.txt 0.337329 55309.758970 15.751000 16.275000 Misc 0.000000 0.000000 
Datos2b279156.txt 1.275102 55309.758970 15.596000 16.398000 Misc 0.000000 0.000000 
Datos2b279442.txt 0.293594 55309.758970 15.347000 16.233000 Misc 0.000000 0.000000 
Datos2b279404.txt 0.361338 55309.758970 15.709000 16.273000 Misc 0.000000 0.000000 
Datos2b279348.txt 0.361339 55309.758970 15.709000 16.273000 Misc 0.000000 0.000000 
Datos2b279580.txt 0.752534 55309.758970 12.431000 12.894000 Misc 0.000000 0.000000 
Datos2b279662.txt 2.441263 55309.758970 12.663000 12.951000 Misc 0.000000 0.000000 
Datos2b279287.txt 3.064139 55309.758970 13.212000 13.509000 Misc 0.000000 0.000000 
Datos2b279110.txt 3.823133 55309.758970 14.367000 14.956000 Misc 0.000000 0.000000 
Datos2b279678.txt 1.209665 55309.758970 14.217000 14.493000 Misc 0.000000 0.000000 
Datos2b279235.txt 0.817636 55309.758970 13.301000 14.014000 Misc 0.000000 0.000000 
Datos2b27937.txt 0.319047 55309.758970 14.056000 14.345000 Misc 0.000000 0.000000 
Datos2b279352.txt 1.180615 55309.758970 13.994000 14.318000 Misc 0.000000 0.000000 
Datos3b278396.txt 1.537871 55820.561995 14.125000 14.364000 Misc 0.000000 0.000000 
Datos3b278820.txt 0.996846 55820.561995 13.376000 13.591000 Misc 0.000000 0.000000 
Datos3b278665.txt 1.082766 55820.561995 14.517000 14.928000 Misc 0.000000 0.000000 
Datos3b278241.txt 0.390566 55820.561995 14.655000 15.032000 Misc 0.000000 0.000000 
Datos3b278844.txt 0.399281 55820.561995 15.770000 16.364000 Misc 0.000000 0.000000 
Datos3b278620.txt 0.286915 55820.561995 14.211000 14.579000 Misc 0.000000 0.000000 
Datos3b278613.txt 0.895573 55820.561995 15.148000 16.116000 Misc 0.000000 0.000000 
Datos3b278437.txt 0.619804 55820.561995 14.831000 15.368000 Misc 0.000000 0.000000 
Datos3b27865.txt 0.486139 55820.561995 12.050000 12.281000 Misc 0.000000 0.000000 
Datos3b27848.txt 3.181484 55839.524416 14.394000 14.812000 Misc 0.000000 0.000000 
Datos3b278478.txt 4.924271 55820.561995 13.613000 14.139000 Misc 0.000000 0.000000 
Datos3b278214.txt 1.210961 55820.561995 14.087000 14.361000 Misc 0.000000 0.000000 
Datos3b27818.txt 3.959677 55820.561995 14.885000 15.360000 Misc 0.000000 0.000000 
Datos3b278235.txt 0.623543 55820.561995 14.423000 14.833000 Misc 0.000000 0.000000 
Datos3b278247.txt 0.756151 55820.561995 15.184000 15.706000 Misc 0.000000 0.000000 
Datos3b278417.txt 3.335360 55820.561995 12.896000 13.233000 Misc 0.000000 0.000000 
Datos3b278606.txt 0.269947 55820.561995 14.981000 15.704000 Misc 0.000000 0.000000 
Datos3b278560.txt 0.875144 55820.561995 15.620000 16.336000 Misc 0.000000 0.000000 
Datos3b278199.txt 1.090873 55820.561995 14.956000 16.027000 Misc 0.000000 0.000000 
Datos3b27897.txt 0.366824 55820.561995 13.158000 13.508000 Misc 0.000000 0.000000 
Datos3b278818.txt 0.328780 55820.561995 15.919000 16.631000 Misc 0.000000 0.000000 
Datos3b278534.txt 0.350707 55820.561995 14.582000 14.927000 Misc 0.000000 0.000000 
Datos3b278552.txt 0.853851 55820.561995 14.599000 15.096000 Misc 0.000000 0.000000 
Datos3b278364.txt 0.763557 55820.561995 13.716000 14.116000 Misc 0.000000 0.000000 
Datos3b278499.txt 2.735283 55820.561995 14.900000 15.452000 Misc 0.000000 0.000000 
Datos3b2788.txt 1.227687 55820.561995 13.806000 14.003000 Misc 0.000000 0.000000 
Datos3b278780.txt 1.223483 55820.561995 12.195000 12.439000 Misc 0.000000 0.000000 
Datos3b279240.txt 31.260801 55309.758970 12.470000 12.663000 Misc 0.000000 0.000000 
Datos3b279335.txt 30.023038 55309.758970 12.486000 12.765000 Misc 0.000000 0.000000 
Datos3b279344.txt 33.425084 55309.758970 12.795000 13.053000 Misc 0.000000 0.000000 
Datos3b279297.txt 1.032711 55309.758970 15.036000 15.423000 Misc 0.000000 0.000000 
Datos3b279552.txt 0.994734 55309.758970 13.867000 14.084000 Misc 0.000000 0.000000 
Datos3b279417.txt 0.962840 55309.758970 14.436000 14.877000 Misc 0.000000 0.000000 
Datos3b279596.txt 0.979111 55309.758970 13.652000 13.971000 Misc 0.000000 0.000000 
Datos3b279152.txt 1.239779 55309.758970 14.747000 15.047000 Misc 0.000000 0.000000 
Datos3b27923.txt 1.661974 55309.758970 15.389000 16.045000 Misc 0.000000 0.000000 
Datos3b279218.txt 9.041527 55309.758970 12.798000 13.158000 Misc 0.000000 0.000000 
Datos3b279398.txt 0.446518 55309.758970 14.467000 14.803000 Misc 0.000000 0.000000 
Datos3b279135.txt 1.200330 55309.758970 13.806000 14.043000 Misc 0.000000 0.000000 
Datos3b2795.txt 1.271236 55309.758970 14.542000 14.821000 Misc 0.000000 0.000000 
Datos3b279185.txt 1.018625 55309.758970 14.140000 14.441000 Misc 0.000000 0.000000 
Datos3b279687.txt 0.829262 55309.758970 13.414000 13.785000 Misc 0.000000 0.000000 
Datos3b279396.txt 2.413319 55309.758970 16.001000 16.684000 Misc 0.000000 0.000000 
Datos3b279111.txt 3.861873 55309.758970 14.450000 14.853000 Misc 0.000000 0.000000 
Datos3b279545.txt 0.609941 55309.758970 14.016000 14.314000 Misc 0.000000 0.000000 
Datos3b279573.txt 4.604980 55309.758970 13.761000 14.069000 Misc 0.000000 0.000000 
Datos3b279428.txt 2.402210 55309.758970 13.009000 13.239000 Misc 0.000000 0.000000 
Datos3b279498.txt 0.333068 55309.758970 14.835000 15.551000 Misc 0.000000 0.000000 
Datos3b27933.txt 3.620648 55309.758970 13.355000 13.565000 Misc 0.000000 0.000000 
Datos3b2791.txt 2.527717 55309.758970 13.880000 14.204000 Misc 0.000000 0.000000 
Datos3b279636.txt 10.447963 55309.758970 13.776000 14.192000 Misc 0.000000 0.000000 
Datos3b27949.txt 0.598181 55309.758970 14.651000 14.984000 Misc 0.000000 0.000000 
Datos3b279294.txt 3.825095 55309.758970 13.968000 14.255000 Misc 0.000000 0.000000 
Datos3b279102.txt 0.944126 55309.758970 15.148000 15.629000 Misc 0.000000 0.000000 
Datos3b279148.txt 1.201527 55309.758970 14.133000 14.388000 Misc 0.000000 0.000000 
Datos3b279490.txt 6.973163 55309.758970 14.503000 14.962000 Misc 0.000000 0.000000 
Datos3b279207.txt 0.777962 55309.758970 15.248000 15.646000 Misc 0.000000 0.000000 
Datos3b279499.txt 0.626709 55309.758970 12.798000 13.094000 Misc 0.000000 0.000000 
Datos3b279187.txt 0.293594 55309.758970 15.347000 16.233000 Misc 0.000000 0.000000 
Datos3b279478.txt 0.752538 55309.758970 12.431000 12.894000 Misc 0.000000 0.000000 
Datos3b279444.txt 0.369260 55309.758970 13.076000 13.346000 Misc 0.000000 0.000000 
Datos3b279328.txt 2.769634 55309.758970 14.659000 14.981000 Misc 0.000000 0.000000 
Datos3b279696.txt 0.790632 55309.758970 14.673000 15.010000 Misc 0.000000 0.000000 
Datos3b279548.txt 1.351550 55309.758970 14.028000 14.357000 Misc 0.000000 0.000000 
Datos3b279662.txt 1.209618 55309.758970 14.217000 14.493000 Misc 0.000000 0.000000 
Datos3b279615.txt 2.768098 55309.758970 14.233000 14.865000 Misc 0.000000 0.000000 
Datos3b279270.txt 0.817641 55309.758970 13.301000 14.014000 Misc 0.000000 0.000000 
Datos3b279521.txt 2.278636 55309.758970 12.784000 13.128000 Misc 0.000000 0.000000 
Datos3b279494.txt 1.500028 55309.758970 13.890000 14.119000 Misc 0.000000 0.000000 
Datos3b279168.txt 3.275404 55309.758970 14.496000 15.223000 Misc 0.000000 0.000000 
Datos3b27993.txt 1.461663 55309.758970 14.436000 14.784000 Misc 0.000000 0.000000 
Datos3b279136.txt 1.250864 55309.758970 14.199000 14.546000 Misc 0.000000 0.000000 
Datos3b279538.txt 1.348232 55309.758970 13.007000 13.173000 Misc 0.000000 0.000000 
Datos3b279635.txt 3.139263 55309.758970 14.216000 14.652000 Misc 0.000000 0.000000 
Datos1b278234.txt 0.718230 55820.561995 15.429000 15.971000 Misc 0.000000 0.000000 
Datos1b278583.txt 0.390566 55820.561995 14.655000 15.032000 Misc 0.000000 0.000000 
Datos1b27819.txt 0.286913 55820.561995 14.211000 14.579000 Misc 0.000000 0.000000 
Datos1b278446.txt 0.407258 55820.561995 15.062000 15.467000 Misc 0.000000 0.000000 
Datos1b278567.txt 0.660376 55820.561995 13.242000 13.583000 Misc 0.000000 0.000000 
Datos1b278770.txt 0.329023 55820.561995 15.278000 15.740000 Misc 0.000000 0.000000 
Datos1b27863.txt 0.507674 55820.561995 12.895000 13.248000 Misc 0.000000 0.000000 
Datos1b278839.txt 1.340664 55820.561995 15.362000 15.992000 Misc 0.000000 0.000000 
Datos1b27816.txt 1.057236 55820.561995 13.984000 14.257000 Misc 0.000000 0.000000 
Datos1b278165.txt 22.675908 55820.561995 12.046000 12.402000 Misc 0.000000 0.000000 
Datos1b27827.txt 1.288796 55820.561995 15.190000 15.706000 Misc 0.000000 0.000000 
Datos1b278203.txt 0.601183 55820.561995 13.931000 14.369000 Misc 0.000000 0.000000 
Datos1b278357.txt 2.973363 55820.561995 15.465000 16.033000 Misc 0.000000 0.000000 
Datos1b278473.txt 0.704921 55820.561995 14.031000 14.340000 Misc 0.000000 0.000000 
Datos1b278530.txt 1.072007 55820.561995 13.887000 14.202000 Misc 0.000000 0.000000 
Datos1b278847.txt 2.281420 55820.561995 13.767000 14.129000 Misc 0.000000 0.000000 
Datos1b278190.txt 4.799804 55820.561995 12.664000 13.155000 Misc 0.000000 0.000000 
Datos1b278694.txt 3.334888 55820.561995 12.896000 13.233000 Misc 0.000000 0.000000 
Datos1b278628.txt 0.754641 55820.561995 14.597000 15.187000 Misc 0.000000 0.000000 
Datos1b278520.txt 1.207917 55820.561995 15.212000 15.840000 Misc 0.000000 0.000000 
Datos1b278648.txt 0.947291 55820.561995 14.600000 14.948000 Misc 0.000000 0.000000 
Datos1b27826.txt 1.633825 55820.561995 12.405000 12.659000 Misc 0.000000 0.000000 
Datos1b278523.txt 1.138749 55820.561995 14.464000 14.797000 Misc 0.000000 0.000000 
Datos1b278610.txt 5.547261 55820.561995 13.725000 13.957000 Misc 0.000000 0.000000 
Datos1b278377.txt 5.546614 55820.561995 13.725000 13.957000 Misc 0.000000 0.000000 
Datos1b278336.txt 5.546850 55820.561995 13.725000 13.957000 Misc 0.000000 0.000000 
Datos1b278313.txt 1.166629 55820.561995 14.114000 14.430000 Misc 0.000000 0.000000 
Datos1b278551.txt 9.217630 55820.561995 13.098000 13.649000 Misc 0.000000 0.000000 
Datos1b279434.txt 31.292283 55309.758970 12.470000 12.663000 Misc 0.000000 0.000000 
Datos1b279523.txt 0.975781 55309.758970 14.684000 15.081000 Misc 0.000000 0.000000 
Datos1b279263.txt 0.973384 55309.758970 14.827000 15.288000 Misc 0.000000 0.000000 
Datos1b279542.txt 0.979146 55309.758970 13.652000 13.971000 Misc 0.000000 0.000000 
Datos1b279190.txt 3.323943 55309.758970 15.389000 16.045000 Misc 0.000000 0.000000 
Datos1b27931.txt 9.143409 55309.758970 13.071000 13.516000 Misc 0.000000 0.000000 
Datos1b279431.txt 18.082918 55309.758970 12.798000 13.158000 Misc 0.000000 0.000000 
Datos1b27953.txt 1.109129 55309.758970 13.193000 13.414000 Misc 0.000000 0.000000 
Datos1b279630.txt 1.801952 55309.758970 13.047000 13.778000 Misc 0.000000 0.000000 
Datos1b279552.txt 1.018687 55309.758970 14.140000 14.441000 Misc 0.000000 0.000000 
Datos1b279450.txt 1.018674 55309.758970 14.140000 14.441000 Misc 0.000000 0.000000 
Datos1b279682.txt 1.064283 55309.758970 12.715000 12.957000 Misc 0.000000 0.000000 
Datos1b279574.txt 1.064277 55309.758970 12.715000 12.957000 Misc 0.000000 0.000000 
Datos1b279607.txt 0.923535 55309.758970 14.669000 15.008000 Misc 0.000000 0.000000 
Datos1b27955.txt 0.883143 55309.758970 15.488000 15.928000 Misc 0.000000 0.000000 
Datos1b279673.txt 0.411583 55818.523900 14.939000 15.487000 Misc 0.000000 0.000000 
Datos1b279397.txt 1.131513 55309.758970 14.193000 14.525000 Misc 0.000000 0.000000 
Datos1b279553.txt 2.988137 55309.758970 14.922000 15.299000 Misc 0.000000 0.000000 
Datos1b279145.txt 1.080552 55309.758970 14.017000 14.317000 Misc 0.000000 0.000000 
Datos1b279677.txt 0.886796 55309.758970 15.089000 15.519000 Misc 0.000000 0.000000 
Datos1b279185.txt 0.357667 55309.758970 12.696000 12.927000 Misc 0.000000 0.000000 
Datos1b279628.txt 10.411104 55309.758970 13.933000 14.312000 Misc 0.000000 0.000000 
Datos1b279353.txt 0.368430 55309.758970 13.767000 13.991000 Misc 0.000000 0.000000 
Datos1b279323.txt 12.637407 55818.523900 12.853000 13.111000 Misc 0.000000 0.000000 
Datos1b279613.txt 1.118354 55309.758970 14.649000 14.973000 Misc 0.000000 0.000000 
Datos1b279497.txt 0.717036 55309.758970 14.688000 15.276000 Misc 0.000000 0.000000 
Datos1b279389.txt 0.367946 55309.758970 15.766000 16.431000 Misc 0.000000 0.000000 
Datos1b279402.txt 0.626713 55309.758970 12.798000 13.094000 Misc 0.000000 0.000000 
Datos1b279159.txt 0.626698 55309.758970 12.798000 13.094000 Misc 0.000000 0.000000 
Datos1b279144.txt 1.155315 55309.758970 13.976000 14.257000 Misc 0.000000 0.000000 
Datos1b27942.txt 0.369257 55309.758970 13.076000 13.346000 Misc 0.000000 0.000000 
Datos1b2790.txt 2.769271 55309.758970 14.659000 14.981000 Misc 0.000000 0.000000 
Datos1b279661.txt 1.176272 55309.758970 14.242000 14.518000 Misc 0.000000 0.000000 
Datos1b279740.txt 3.064054 55309.758970 13.212000 13.509000 Misc 0.000000 0.000000 
Datos1b279647.txt 1.612869 55309.758970 14.614000 15.031000 Misc 0.000000 0.000000 
Datos1b2795.txt 1.613091 55309.758970 14.614000 15.031000 Misc 0.000000 0.000000 
Datos1b279280.txt 1.409786 55309.758970 14.078000 14.479000 Misc 0.000000 0.000000 
Datos1b279519.txt 0.760398 55309.758970 15.134000 15.613000 Misc 0.000000 0.000000 
Datos1b279543.txt 1.434807 55309.758970 14.462000 14.807000 Misc 0.000000 0.000000 
Datos1b279639.txt 1.461553 55309.758970 14.436000 14.784000 Misc 0.000000 0.000000 
Datos1b279240.txt 1.461589 55309.758970 14.436000 14.784000 Misc 0.000000 0.000000 
Datos1b27982.txt 0.650524 55309.758970 15.648000 16.377000 Misc 0.000000 0.000000 
Datos1b279404.txt 0.650522 55309.758970 15.648000 16.377000 Misc 0.000000 0.000000 