Datos2b278275.txt 12.383127 55820.561995 12.226000 12.411000 Misc 0.000000 0.000000 
Datos2b278552.txt 0.687651 55820.561995 14.090000 14.359000 Misc 0.000000 0.000000 
Datos2b278789.txt 1.173287 55820.561995 14.324000 14.646000 Misc 0.000000 0.000000 
Datos2b278376.txt 2.399705 55820.561995 12.664000 13.155000 Misc 0.000000 0.000000 
Datos3b278502.txt 12.381087 55820.561995 12.226000 12.411000 Misc 0.000000 0.000000 
Datos3b278370.txt 13.151165 55820.561995 13.188000 13.394000 Misc 0.000000 0.000000 
Datos3b278668.txt 2.772745 55820.561995 13.725000 13.957000 Misc 0.000000 0.000000 
Datos3b278503.txt 1.331152 55820.561995 14.576000 14.943000 Misc 0.000000 0.000000 
Datos1b278660.txt 13.151165 55820.561995 13.188000 13.394000 Misc 0.000000 0.000000 
Datos1b278849.txt 2.840818 55820.561995 12.331000 12.754000 Misc 0.000000 0.000000 
Datos1b278388.txt 1.233701 55820.561995 12.627000 12.921000 Misc 0.000000 0.000000 
Datos1b278147.txt 1.267378 55820.561995 15.062000 15.715000 Misc 0.000000 0.000000 
Datos1b278258.txt 4.572412 55820.561995 12.570000 12.881000 Misc 0.000000 0.000000 
Datos1b278226.txt 1.331140 55820.561995 14.576000 14.943000 Misc 0.000000 0.000000 
Datos1b278601.txt 1.198620 55820.561995 13.963000 14.211000 Misc 0.000000 0.000000 
Datos1b278699.txt 6.893688 55820.561995 14.031000 14.264000 Misc 0.000000 0.000000 
Datos2b279523.txt 15.641014 55309.758970 12.470000 12.663000 Misc 0.000000 0.000000 
Datos2b279517.txt 7.863442 55309.758970 15.363000 15.836000 Misc 0.000000 0.000000 
Datos2b279680.txt 10.861735 55309.758970 12.989000 13.320000 Misc 0.000000 0.000000 
Datos2b279383.txt 3.620582 55309.758970 13.355000 13.565000 Misc 0.000000 0.000000 
Datos3b279431.txt 27.887758 55309.758970 13.294000 13.481000 Misc 0.000000 0.000000 
Datos3b279537.txt 4.299279 55309.758970 14.268000 14.640000 Misc 0.000000 0.000000 
Datos3b279567.txt 1.490400 55309.758970 15.599000 16.184000 Misc 0.000000 0.000000 
Datos1b279687.txt 1.067688 55309.758970 14.105000 14.426000 Misc 0.000000 0.000000 