Datosb27881.txt 1.589630 55820.561995 11.950000 12.316000 Misc 0.000000 0.000000
Datosb27985.txt 662.430708 55309.758970 12.866000 13.324000 Misc 0.000000 0.000000 
Datosb27922.txt 0.557183 55309.758970 13.989000 14.318000 Misc 0.000000 0.000000  
b278D105.txt 0.997210 55820.561995 13.914000 14.279000 Misc 0.000000 0.000000 
b278D39.txt 0.997188 55820.561995 13.419000 13.726000 Misc 0.000000 0.000000 
b278D49.txt 0.435060 55820.561995 14.663000 15.101000 Misc 0.000000 0.000000 
b279D111.txt 1.994079 55309.758970 13.843000 14.181000 Misc 0.000000 0.000000 
b279D167.txt 0.463468 55309.758970 14.415000 14.778000 Misc 0.000000 0.000000 
b279D26.txt 0.997251 55309.758970 15.140000 15.702000 Misc 0.000000 0.000000
Datos3b278749.txt 0.517702 55820.561995 13.593000 13.893000 Misc 0.000000 0.000000 
Datos3b278819.txt 0.997250 55820.561995 13.003000 13.175000 Misc 0.000000 0.000000 
Datos3b278443.txt 2.183560 55820.561995 15.414000 16.084000 Misc 0.000000 0.000000  