Datos2b278107.txt 0.508795 55820.561995 13.311000 13.555000 Misc 0.000000 0.000000 
Datos2b278366.txt 0.507966 55820.561995 14.403000 14.738000 Misc 0.000000 0.000000 
Datos2b278616.txt 1.023114 55820.561995 14.240000 14.531000 Misc 0.000000 0.000000 
Datos2b278508.txt 0.511555 55820.561995 14.240000 14.531000 Misc 0.000000 0.000000 
Datos2b278515.txt 0.469193 55820.561995 14.237000 14.525000 Misc 0.000000 0.000000 
Datos2b27881.txt 0.494784 55820.561995 14.575000 14.896000 Misc 0.000000 0.000000 
Datos2b278772.txt 0.631746 55820.561995 13.872000 14.180000 Misc 0.000000 0.000000 
Datos2b278178.txt 0.477761 55820.561995 15.542000 16.031000 Misc 0.000000 0.000000 
Datos2b278654.txt 0.203159 55820.561995 13.770000 13.970000 Misc 0.000000 0.000000 
Datos2b278542.txt 0.478004 55820.561995 14.301000 14.594000 Misc 0.000000 0.000000 
Datos2b278421.txt 0.478008 55820.561995 14.301000 14.594000 Misc 0.000000 0.000000 
Datos2b278124.txt 0.541361 55820.561995 14.408000 14.658000 Misc 0.000000 0.000000 
Datos2b278787.txt 0.474682 55820.561995 14.360000 14.698000 Misc 0.000000 0.000000 
Datos2b278495.txt 1.791416 55820.561995 15.148000 16.116000 Misc 0.000000 0.000000 
Datos2b278580.txt 0.889845 55820.561995 15.304000 15.833000 Misc 0.000000 0.000000 
Datos2b278207.txt 0.707193 55820.561995 13.590000 13.858000 Misc 0.000000 0.000000 
Datos2b27882.txt 0.425703 55820.561995 15.056000 15.391000 Misc 0.000000 0.000000 
Datos2b278767.txt 0.425701 55820.561995 15.056000 15.391000 Misc 0.000000 0.000000 
Datos2b278611.txt 0.425687 55820.561995 15.056000 15.391000 Misc 0.000000 0.000000 
Datos2b27836.txt 0.425683 55820.561995 15.056000 15.391000 Misc 0.000000 0.000000 
Datos2b278728.txt 0.908277 55820.561995 14.348000 14.720000 Misc 0.000000 0.000000 
Datos2b279586.txt 0.507689 55309.758970 14.979000 15.340000 Misc 0.000000 0.000000 
Datos2b279648.txt 0.501045 55309.758970 14.185000 14.497000 Misc 0.000000 0.000000 
Datos2b279484.txt 0.489571 55309.758970 13.652000 13.971000 Misc 0.000000 0.000000 
Datos2b279347.txt 0.489568 55309.758970 13.652000 13.971000 Misc 0.000000 0.000000 
Datos2b279576.txt 0.434212 55309.758970 15.508000 15.968000 Misc 0.000000 0.000000 
Datos2b279635.txt 0.456574 55309.758970 14.244000 14.570000 Misc 0.000000 0.000000 
Datos2b279225.txt 0.356644 55309.758970 15.525000 16.020000 Misc 0.000000 0.000000 
Datos2b279381.txt 0.534694 55309.758970 14.265000 14.571000 Misc 0.000000 0.000000 
Datos2b279693.txt 0.678209 55309.758970 14.073000 14.319000 Misc 0.000000 0.000000 
Datos2b279252.txt 0.374516 55309.758970 14.220000 14.567000 Misc 0.000000 0.000000 
Datos2b279502.txt 0.509338 55309.758970 14.140000 14.441000 Misc 0.000000 0.000000 
Datos2b279544.txt 0.931179 55309.758970 14.455000 14.791000 Misc 0.000000 0.000000 
Datos2b27936.txt 0.445285 55309.758970 14.212000 14.575000 Misc 0.000000 0.000000 
Datos2b279411.txt 0.562657 55309.758970 14.301000 14.602000 Misc 0.000000 0.000000 
Datos2b279108.txt 0.562685 55309.758970 14.301000 14.602000 Misc 0.000000 0.000000 
Datos2b27981.txt 0.395879 55309.758970 15.956000 16.526000 Misc 0.000000 0.000000 
Datos2b279464.txt 0.178834 55309.758970 12.696000 12.927000 Misc 0.000000 0.000000 
Datos2b279349.txt 0.926980 55309.758970 14.415000 14.778000 Misc 0.000000 0.000000 
Datos2b279202.txt 0.573374 55309.758970 14.216000 14.606000 Misc 0.000000 0.000000 
Datos2b2797.txt 0.597792 55309.758970 14.279000 14.613000 Misc 0.000000 0.000000 
Datos2b279212.txt 0.598204 55309.758970 14.651000 14.984000 Misc 0.000000 0.000000 
Datos2b279623.txt 0.313347 55309.758970 12.798000 13.094000 Misc 0.000000 0.000000 
Datos2b279224.txt 0.596884 55309.758970 14.145000 14.431000 Misc 0.000000 0.000000 
Datos2b279642.txt 0.551275 55309.758970 14.320000 14.614000 Misc 0.000000 0.000000 
Datos2b2796.txt 0.570418 55309.758970 14.242000 14.609000 Misc 0.000000 0.000000 
Datos2b27938.txt 0.688668 55309.758970 14.064000 14.351000 Misc 0.000000 0.000000 
Datos2b279303.txt 0.715557 55309.758970 13.048000 13.257000 Misc 0.000000 0.000000 
Datos2b279193.txt 0.583332 55309.758970 14.551000 14.962000 Misc 0.000000 0.000000 
Datos2b279501.txt 0.590297 55309.758970 13.994000 14.318000 Misc 0.000000 0.000000 
Datos2b27941.txt 0.414773 55309.758970 15.911000 16.456000 Misc 0.000000 0.000000 
Datos2b279714.txt 0.270573 55309.758970 12.503000 12.724000 Misc 0.000000 0.000000 
Datos2b279148.txt 0.212946 55309.758970 12.503000 12.724000 Misc 0.000000 0.000000 
Datos3b27873.txt 0.518057 55820.561995 14.048000 14.286000 Misc 0.000000 0.000000 
Datos3b278390.txt 0.508804 55820.561995 13.311000 13.555000 Misc 0.000000 0.000000 
Datos3b278764.txt 0.251547 55820.561995 14.362000 14.742000 Misc 0.000000 0.000000 
Datos3b278797.txt 0.494877 55820.561995 14.412000 14.768000 Misc 0.000000 0.000000 
Datos3b278308.txt 0.478659 55820.561995 14.457000 14.768000 Misc 0.000000 0.000000 
Datos3b278303.txt 0.311453 55820.561995 15.796000 16.342000 Misc 0.000000 0.000000 
Datos3b27827.txt 0.529821 55820.561995 14.162000 14.494000 Misc 0.000000 0.000000 
Datos3b278200.txt 0.344554 55820.561995 14.843000 15.185000 Misc 0.000000 0.000000 
Datos3b278299.txt 0.349179 55820.561995 13.472000 13.707000 Misc 0.000000 0.000000 
Datos3b278853.txt 0.407420 55820.561995 13.001000 13.325000 Misc 0.000000 0.000000 
Datos3b278204.txt 0.203634 55820.561995 15.062000 15.467000 Misc 0.000000 0.000000 
Datos3b278465.txt 0.330188 55820.561995 13.242000 13.583000 Misc 0.000000 0.000000 
Datos3b278757.txt 0.478001 55820.561995 14.301000 14.594000 Misc 0.000000 0.000000 
Datos3b278817.txt 0.446582 55820.561995 14.445000 14.838000 Misc 0.000000 0.000000 
Datos3b278835.txt 0.565177 55820.561995 14.164000 14.425000 Misc 0.000000 0.000000 
Datos3b278746.txt 0.228443 55820.561995 14.542000 14.841000 Misc 0.000000 0.000000 
Datos3b278354.txt 0.306099 55820.561995 15.927000 16.602000 Misc 0.000000 0.000000 
Datos3b278114.txt 0.550915 55820.561995 14.627000 15.002000 Misc 0.000000 0.000000 
Datos3b278227.txt 0.523952 56484.678742 14.093000 14.375000 Misc 0.000000 0.000000 
Datos3b27811.txt 0.474819 55820.561995 15.083000 15.511000 Misc 0.000000 0.000000 
Datos3b278174.txt 0.309531 55820.561995 12.961000 13.152000 Misc 0.000000 0.000000 
Datos3b278358.txt 0.207641 55820.561995 15.812000 16.579000 Misc 0.000000 0.000000 
Datos3b278108.txt 0.473944 55820.561995 13.740000 14.023000 Misc 0.000000 0.000000 
Datos3b278151.txt 0.545106 55820.561995 14.031000 14.340000 Misc 0.000000 0.000000 
Datos3b278788.txt 0.441784 55820.561995 13.842000 14.127000 Misc 0.000000 0.000000 
Datos3b278320.txt 0.454138 55820.561995 14.348000 14.720000 Misc 0.000000 0.000000 
Datos3b278525.txt 0.221489 55820.561995 15.029000 15.656000 Misc 0.000000 0.000000 
Datos3b278619.txt 0.235214 55820.561995 15.613000 16.304000 Misc 0.000000 0.000000 
Datos3b278721.txt 0.473624 55820.561995 14.600000 14.948000 Misc 0.000000 0.000000 
Datos3b27892.txt 0.610936 55820.561995 14.092000 14.461000 Misc 0.000000 0.000000 
Datos3b27843.txt 0.655713 55820.561995 14.549000 14.840000 Misc 0.000000 0.000000 
Datos3b278791.txt 0.700118 55820.561995 13.742000 14.034000 Misc 0.000000 0.000000 
Datos3b278840.txt 0.222391 55820.561995 12.238000 12.415000 Misc 0.000000 0.000000 
Datos3b27935.txt 0.508762 55309.758970 14.384000 14.740000 Misc 0.000000 0.000000 
Datos3b279402.txt 0.520848 55309.758970 13.741000 14.025000 Misc 0.000000 0.000000 
Datos3b279179.txt 0.557070 55309.758970 14.650000 15.015000 Misc 0.000000 0.000000 
Datos3b279681.txt 0.343281 55309.758970 12.895000 13.260000 Misc 0.000000 0.000000 
Datos3b279350.txt 0.214418 55309.758970 14.470000 14.766000 Misc 0.000000 0.000000 
Datos3b27966.txt 0.237897 55309.758970 13.498000 14.045000 Misc 0.000000 0.000000 
Datos3b279255.txt 0.590328 55309.758970 13.134000 13.361000 Misc 0.000000 0.000000 
Datos3b27985.txt 0.559170 55309.758970 14.649000 14.973000 Misc 0.000000 0.000000 
Datos3b279212.txt 0.596868 55309.758970 14.145000 14.431000 Misc 0.000000 0.000000 
Datos3b279385.txt 0.438983 55309.758970 14.212000 14.568000 Misc 0.000000 0.000000 
Datos3b279381.txt 0.353496 55309.758970 13.828000 14.078000 Misc 0.000000 0.000000 
Datos3b279228.txt 0.715524 55309.758970 13.048000 13.257000 Misc 0.000000 0.000000 
Datos3b279434.txt 0.590298 55309.758970 13.994000 14.318000 Misc 0.000000 0.000000 
Datos3b279505.txt 0.388281 55309.758970 15.596000 16.119000 Misc 0.000000 0.000000 
Datos3b279372.txt 0.443344 55309.758970 14.658000 15.018000 Misc 0.000000 0.000000 
Datos3b279568.txt 0.417712 55309.758970 15.581000 16.117000 Misc 0.000000 0.000000 
Datos3b279525.txt 0.414771 55309.758970 15.911000 16.456000 Misc 0.000000 0.000000 
Datos3b27974.txt 0.403610 55309.758970 12.931000 13.183000 Misc 0.000000 0.000000 
Datos1b278402.txt 0.508809 55820.561995 13.311000 13.555000 Misc 0.000000 0.000000 
Datos1b278662.txt 0.512959 55820.561995 14.129000 14.435000 Misc 0.000000 0.000000 
Datos1b278116.txt 0.511159 55820.561995 14.516000 14.832000 Misc 0.000000 0.000000 
Datos1b278434.txt 0.508165 55820.561995 14.524000 14.837000 Misc 0.000000 0.000000 
Datos1b278164.txt 0.469194 55820.561995 14.237000 14.525000 Misc 0.000000 0.000000 
Datos1b278471.txt 0.529821 55820.561995 14.162000 14.494000 Misc 0.000000 0.000000 
Datos1b27855.txt 0.521741 55820.561995 14.202000 14.551000 Misc 0.000000 0.000000 
Datos1b278760.txt 0.477022 55820.561995 12.258000 12.444000 Misc 0.000000 0.000000 
Datos1b278215.txt 0.535249 55820.561995 14.272000 14.605000 Misc 0.000000 0.000000 
Datos1b27852.txt 0.474123 55820.561995 14.424000 14.830000 Misc 0.000000 0.000000 
Datos1b278189.txt 0.474098 55820.561995 14.424000 14.830000 Misc 0.000000 0.000000 
Datos1b278360.txt 0.599211 55820.561995 14.264000 14.532000 Misc 0.000000 0.000000 
Datos1b278238.txt 0.560915 55820.561995 14.279000 14.564000 Misc 0.000000 0.000000 
Datos1b278158.txt 0.412290 55820.561995 12.004000 12.328000 Misc 0.000000 0.000000 
Datos1b278806.txt 0.439588 55820.561995 14.464000 14.768000 Misc 0.000000 0.000000 
Datos1b278143.txt 0.259714 55820.561995 16.292000 17.018000 Misc 0.000000 0.000000 
Datos1b278112.txt 0.687677 55820.561995 14.090000 14.359000 Misc 0.000000 0.000000 
Datos1b278727.txt 0.644397 55820.561995 15.190000 15.706000 Misc 0.000000 0.000000 
Datos1b278156.txt 0.467442 55820.561995 14.402000 14.808000 Misc 0.000000 0.000000 
Datos1b278276.txt 0.393700 55820.561995 14.700000 15.097000 Misc 0.000000 0.000000 
Datos1b278162.txt 0.560920 55820.561995 14.286000 14.630000 Misc 0.000000 0.000000 
Datos1b278245.txt 0.432314 55820.561995 14.646000 14.991000 Misc 0.000000 0.000000 
Datos1b278492.txt 0.441780 55820.561995 13.842000 14.127000 Misc 0.000000 0.000000 
Datos1b27899.txt 0.439137 55820.561995 13.841000 14.073000 Misc 0.000000 0.000000 
Datos1b278557.txt 0.439135 55820.561995 13.841000 14.073000 Misc 0.000000 0.000000 
Datos1b278470.txt 0.399314 55820.561995 14.361000 14.687000 Misc 0.000000 0.000000 
Datos1b278687.txt 0.328776 55820.561995 15.919000 16.631000 Misc 0.000000 0.000000 
Datos1b278264.txt 0.280730 55820.561995 15.460000 15.909000 Misc 0.000000 0.000000 
Datos1b27860.txt 0.211802 55820.561995 13.996000 14.475000 Misc 0.000000 0.000000 
Datos1b278833.txt 0.567471 55820.561995 13.235000 13.504000 Misc 0.000000 0.000000 
Datos1b278403.txt 0.567463 55820.561995 13.235000 13.504000 Misc 0.000000 0.000000 
Datos1b27895.txt 0.286981 55820.561995 13.392000 13.623000 Misc 0.000000 0.000000 
Datos1b278611.txt 0.286980 55820.561995 13.392000 13.623000 Misc 0.000000 0.000000 
Datos1b278611.txt 0.286980 55820.561995 13.392000 13.623000 Misc 0.000000 0.000000 
Datos1b279199.txt 0.919728 55309.758970 13.076000 13.248000 Misc 0.000000 0.000000 
Datos1b279196.txt 0.516358 55309.758970 15.036000 15.423000 Misc 0.000000 0.000000 
Datos1b279366.txt 0.508731 55309.758970 14.384000 14.740000 Misc 0.000000 0.000000 
Datos1b279585.txt 0.482271 55309.758970 13.420000 13.748000 Misc 0.000000 0.000000 
Datos1b279412.txt 0.374102 55309.758970 13.295000 13.545000 Misc 0.000000 0.000000 
Datos1b279335.txt 0.609950 55309.758970 14.016000 14.314000 Misc 0.000000 0.000000 
Datos1b279516.txt 0.562695 55309.758970 14.301000 14.602000 Misc 0.000000 0.000000 
Datos1b279465.txt 0.562685 55309.758970 14.301000 14.602000 Misc 0.000000 0.000000 
Datos1b279132.txt 0.222291 55309.758970 13.652000 14.145000 Misc 0.000000 0.000000 
Datos1b27914.txt 0.573351 55309.758970 14.216000 14.606000 Misc 0.000000 0.000000 
Datos1b279504.txt 0.598177 55309.758970 14.651000 14.984000 Misc 0.000000 0.000000 
Datos1b279254.txt 0.598169 55309.758970 14.651000 14.984000 Misc 0.000000 0.000000 
Datos1b279400.txt 0.588225 55818.523900 13.487000 13.798000 Misc 0.000000 0.000000 
Datos1b279411.txt 0.544565 55309.758970 13.920000 14.177000 Misc 0.000000 0.000000 
Datos1b279364.txt 0.362277 55309.758970 12.712000 13.113000 Misc 0.000000 0.000000 
Datos1b279195.txt 0.596910 55309.758970 14.145000 14.431000 Misc 0.000000 0.000000 
Datos1b27972.txt 0.237253 55309.758970 15.156000 15.562000 Misc 0.000000 0.000000 
Datos1b279707.txt 0.213653 55818.523900 15.187000 15.761000 Misc 0.000000 0.000000 
Datos1b279474.txt 0.213654 55818.523900 15.187000 15.761000 Misc 0.000000 0.000000 
Datos1b279264.txt 0.319045 55309.758970 14.056000 14.345000 Misc 0.000000 0.000000 
Datos1b279106.txt 1.499958 55309.758970 13.890000 14.119000 Misc 0.000000 0.000000 
Datos1b279337.txt 0.200859 55309.758970 14.908000 15.311000 Misc 0.000000 0.000000 
Datos1b2798.txt 0.717373 55309.758970 14.462000 14.807000 Misc 0.000000 0.000000 
Datos1b279594.txt 0.403609 55309.758970 12.931000 13.183000 Misc 0.000000 0.000000 
Datos1b279213.txt 0.416104 55309.758970 15.423000 15.900000 Misc 0.000000 0.000000 
Datos1b278407.txt 0.428898 55820.561995 12.696000 12.875000 Misc 0.000000 0.000000 
Datos3b27894.txt 1.000000 55820.561995 15.905000 16.644000 Misc 0.000000 0.000000 
Datos3b27828.txt 1.000000 55820.561995 15.990000 16.867000 Misc 0.000000 0.000000 
Datos2b278546.txt 1.806306 55820.561995 12.769000 12.981000 Misc 0.000000 0.000000 
Datos2b278816.txt 0.234260 55820.561995 15.012000 15.435000 Misc 0.000000 0.000000 
Datos2b278517.txt 1.000000 55820.561995 16.102000 16.753000 Misc 0.000000 0.000000 
Datos2b278622.txt 1.000000 55820.561995 15.085000 15.460000 Misc 0.000000 0.000000 