Datos3b278415.txt 0.990955 55820.561995 13.692000 13.929000 Misc 0.000000 0.000000 
Datos3b27891.txt 1.000000 55820.561995 12.777000 12.970000 Misc 0.000000 0.000000 
Datos3b278210.txt 0.997690 55820.561995 13.575000 13.805000 Misc 0.000000 0.000000 
Datos3b278419.txt 0.995198 55820.561995 13.142000 13.313000 Misc 0.000000 0.000000 
Datos3b278254.txt 0.997690 55820.561995 13.244000 13.435000 Misc 0.000000 0.000000 
Datos3b278536.txt 1.001274 55820.561995 12.765000 12.922000 Misc 0.000000 0.000000 
Datos3b278629.txt 25.764706 55820.561995 13.147000 13.332000 Misc 0.000000 0.000000 
Datos3b278570.txt 0.997975 55820.561995 13.659000 13.824000 Misc 0.000000 0.000000 
Datos3b278839.txt 1.000704 55820.561995 13.984000 14.232000 Misc 0.000000 0.000000 
Datos3b278836.txt 0.998079 55820.561995 15.223000 15.682000 Misc 0.000000 0.000000 
Datos3b278634.txt 1.000569 55820.561995 13.253000 13.442000 Misc 0.000000 0.000000 
Datos3b278805.txt 1.000000 55820.561995 15.274000 16.079000 Misc 0.000000 0.000000 
Datos3b278811.txt 1.000000 55820.561995 12.465000 12.630000 Misc 0.000000 0.000000 
Datos3b278663.txt 0.998789 55820.561995 12.722000 12.915000 Misc 0.000000 0.000000 
Datos3b278337.txt 0.999624 55820.561995 13.477000 13.882000 Misc 0.000000 0.000000 
Datos3b278466.txt 1.000000 55820.561995 12.613000 12.792000 Misc 0.000000 0.000000 
Datos3b278744.txt 1.000000 55820.561995 13.447000 13.657000 Misc 0.000000 0.000000 
Datos3b278720.txt 0.421154 55820.561995 13.407000 13.656000 Misc 0.000000 0.000000 
Datos3b278645.txt 1.000000 55820.561995 14.104000 14.698000 Misc 0.000000 0.000000 
Datos3b278207.txt 1.000000 55820.561995 14.838000 15.314000 Misc 0.000000 0.000000 
Datos3b278403.txt 1.000000 55820.561995 15.578000 16.188000 Misc 0.000000 0.000000 
Datos3b278378.txt 0.536006 55806.591492 15.607000 16.124000 Misc 0.000000 0.000000 
Datos3b278830.txt 1.000000 55820.561995 14.768000 15.087000 Misc 0.000000 0.000000 
Datos3b278659.txt 0.998941 55820.561995 14.623000 14.999000 Misc 0.000000 0.000000 
Datos3b278295.txt 1.000000 55820.561995 13.304000 13.509000 Misc 0.000000 0.000000 
Datos3b278680.txt 0.997487 55820.561995 15.874000 16.386000 Misc 0.000000 0.000000 
Datos3b278243.txt 0.997260 55820.561995 15.933000 16.590000 Misc 0.000000 0.000000 
Datos3b278433.txt 1.000000 55820.561995 13.280000 13.503000 Misc 0.000000 0.000000 
Datos3b278590.txt 1.013302 55820.561995 14.223000 14.549000 Misc 0.000000 0.000000 
Datos3b278730.txt 0.999009 55820.561995 13.812000 14.068000 Misc 0.000000 0.000000 
Datos3b278698.txt 1.001813 55820.561995 15.803000 16.340000 Misc 0.000000 0.000000 
Datos3b278845.txt 1.000000 55820.561995 13.800000 14.063000 Misc 0.000000 0.000000 
Datos3b278755.txt 1.000000 55820.561995 12.858000 13.036000 Misc 0.000000 0.000000 
Datos3b2782.txt 1.000000 55820.561995 13.245000 13.505000 Misc 0.000000 0.000000 
Datos3b278495.txt 1.000000 55820.561995 12.656000 12.854000 Misc 0.000000 0.000000 
Datos3b278240.txt 1.001842 56507.495576 15.128000 15.534000 Misc 0.000000 0.000000 
Datos3b278675.txt 0.505336 55820.561995 13.003000 13.249000 Misc 0.000000 0.000000 
Datos3b278475.txt 1.000000 55820.561995 12.706000 12.889000 Misc 0.000000 0.000000 
Datos3b278765.txt 1.000635 55820.561995 12.780000 12.961000 Misc 0.000000 0.000000 
Datos3b278531.txt 1.000000 56507.495576 12.874000 13.087000 Misc 0.000000 0.000000 
Datos3b278309.txt 0.837010 55820.561995 13.359000 13.544000 Misc 0.000000 0.000000 
Datos3b278518.txt 1.000000 55820.561995 14.305000 14.583000 Misc 0.000000 0.000000 
Datos3b278292.txt 1.000000 55820.561995 12.435000 12.600000 Misc 0.000000 0.000000 
Datos3b27864.txt 1.000000 55820.561995 16.046000 16.656000 Misc 0.000000 0.000000 
Datos3b278605.txt 1.000931 55820.561995 13.326000 13.534000 Misc 0.000000 0.000000 
Datos3b278852.txt 0.726669 55820.561995 15.922000 16.593000 Misc 0.000000 0.000000 
Datos3b278156.txt 1.000000 55820.561995 15.458000 15.900000 Misc 0.000000 0.000000 
Datos3b278318.txt 0.996341 55820.561995 16.093000 16.776000 Misc 0.000000 0.000000 
Datos3b278330.txt 0.291611 55820.561995 15.977000 16.535000 Misc 0.000000 0.000000 
Datos3b278280.txt 1.000000 55820.561995 15.247000 15.729000 Misc 0.000000 0.000000 
Datos3b278315.txt 0.598011 55839.524416 13.530000 13.821000 Misc 0.000000 0.000000 
Datos3b278847.txt 1.000000 55820.561995 16.195000 16.933000 Misc 0.000000 0.000000 
Datos3b278824.txt 1.000000 55820.561995 15.845000 16.291000 Misc 0.000000 0.000000 
Datos3b27886.txt 1.000000 55820.561995 12.950000 13.192000 Misc 0.000000 0.000000 
Datos3b278216.txt 1.000000 55820.561995 13.445000 13.623000 Misc 0.000000 0.000000 
Datos3b278666.txt 0.421051 55820.561995 12.941000 13.179000 Misc 0.000000 0.000000 
Datos3b278365.txt 1.000000 55820.561995 15.181000 15.625000 Misc 0.000000 0.000000 
Datos3b278747.txt 1.000000 55820.561995 14.796000 15.118000 Misc 0.000000 0.000000 
Datos3b278779.txt 1.000000 55820.561995 13.169000 13.352000 Misc 0.000000 0.000000 
Datos3b278520.txt 1.000000 55820.561995 15.606000 16.136000 Misc 0.000000 0.000000 
Datos3b27878.txt 1.000000 55820.561995 12.638000 12.959000 Misc 0.000000 0.000000 
Datos3b27896.txt 0.997162 55820.561995 13.017000 13.235000 Misc 0.000000 0.000000 
Datos3b27871.txt 1.000000 55820.561995 14.785000 15.177000 Misc 0.000000 0.000000 
Datos3b278719.txt 0.997125 55820.561995 14.447000 14.722000 Misc 0.000000 0.000000 
Datos3b278439.txt 1.000000 55820.561995 16.088000 16.771000 Misc 0.000000 0.000000 
Datos3b27851.txt 1.000000 55820.561995 15.709000 16.261000 Misc 0.000000 0.000000 
Datos3b278571.txt 0.524017 56507.495576 15.526000 15.937000 Misc 0.000000 0.000000 
Datos3b27868.txt 0.997068 55820.561995 13.156000 13.348000 Misc 0.000000 0.000000 
Datos3b278593.txt 3.005113 55820.561995 13.037000 13.247000 Misc 0.000000 0.000000 
Datos3b27820.txt 0.385685 55820.561995 13.526000 13.709000 Misc 0.000000 0.000000 
Datos3b278331.txt 0.552681 55820.561995 15.659000 16.208000 Misc 0.000000 0.000000 
Datos3b278550.txt 0.291078 55820.561995 14.935000 15.351000 Misc 0.000000 0.000000 
Datos3b278322.txt 0.997256 55820.561995 15.735000 16.367000 Misc 0.000000 0.000000 
Datos3b278469.txt 1.000000 55820.561995 16.193000 16.858000 Misc 0.000000 0.000000 
Datos3b278598.txt 1.000000 55820.561995 15.850000 16.477000 Misc 0.000000 0.000000 
Datos3b278193.txt 0.408201 55820.561995 15.965000 16.647000 Misc 0.000000 0.000000 
Datos3b278420.txt 0.369551 55820.561995 15.605000 16.076000 Misc 0.000000 0.000000 
Datos3b278139.txt 0.537753 55820.561995 15.280000 16.278000 Misc 0.000000 0.000000 
Datos3b278652.txt 1.000000 55820.561995 15.789000 16.632000 Misc 0.000000 0.000000 
Datos3b278111.txt 0.464328 55820.561995 15.266000 15.621000 Misc 0.000000 0.000000 
Datos3b278604.txt 0.616901 55820.561995 15.555000 16.306000 Misc 0.000000 0.000000 
Datos3b278128.txt 0.997327 55820.561995 15.812000 16.435000 Misc 0.000000 0.000000 
Datos3b27846.txt 5.292084 55820.561995 16.072000 16.840000 Misc 0.000000 0.000000 
Datos3b278685.txt 1.000000 55820.561995 16.304000 17.012000 Misc 0.000000 0.000000 
Datos3b278491.txt 0.921899 55820.561995 15.762000 16.261000 Misc 0.000000 0.000000 
Datos3b278599.txt 0.498985 55820.561995 14.877000 15.329000 Misc 0.000000 0.000000 
Datos3b278327.txt 0.998302 55820.561995 15.144000 15.951000 Misc 0.000000 0.000000 
Datos3b278317.txt 0.929047 55820.561995 12.596000 12.821000 Misc 0.000000 0.000000 
Datos3b278766.txt 1.000000 55820.561995 14.394000 14.805000 Misc 0.000000 0.000000 
Datos3b278220.txt 0.751526 55820.561995 15.221000 15.555000 Misc 0.000000 0.000000 
Datos3b278586.txt 3.052265 55820.561995 15.517000 16.061000 Misc 0.000000 0.000000 
Datos3b278562.txt 0.444670 55820.561995 15.687000 16.315000 Misc 0.000000 0.000000 
Datos3b278826.txt 1.000000 55820.561995 15.645000 16.171000 Misc 0.000000 0.000000 
Datos3b278803.txt 1.000000 55820.561995 15.564000 16.092000 Misc 0.000000 0.000000 
Datos3b278648.txt 0.418938 55820.561995 15.080000 15.544000 Misc 0.000000 0.000000 
Datos3b278451.txt 1.000000 55820.561995 15.703000 16.308000 Misc 0.000000 0.000000 
Datos3b278321.txt 1.000399 55820.561995 16.036000 16.574000 Misc 0.000000 0.000000 
Datos3b278425.txt 0.964227 55820.561995 13.750000 13.988000 Misc 0.000000 0.000000 
Datos3b278493.txt 1.995081 55820.561995 15.939000 16.646000 Misc 0.000000 0.000000 
Datos3b278651.txt 1.000000 55820.561995 15.568000 16.035000 Misc 0.000000 0.000000 
Datos3b278349.txt 0.332426 55820.561995 12.646000 13.006000 Misc 0.000000 0.000000 
Datos3b278117.txt 1.000000 55820.561995 15.253000 15.976000 Misc 0.000000 0.000000 
Datos3b278160.txt 1.558719 55820.561995 15.323000 15.788000 Misc 0.000000 0.000000 
Datos3b27847.txt 1.000000 55820.561995 15.014000 15.381000 Misc 0.000000 0.000000 
Datos3b27880.txt 1.000000 55820.561995 15.963000 16.460000 Misc 0.000000 0.000000 
Datos3b2783.txt 1.000000 55820.561995 15.697000 16.452000 Misc 0.000000 0.000000 
Datos3b278169.txt 1.000000 55820.561995 13.103000 13.325000 Misc 0.000000 0.000000 
Datos3b278537.txt 0.355026 55820.561995 15.020000 15.340000 Misc 0.000000 0.000000 
Datos3b278709.txt 1.000000 55820.561995 16.191000 16.848000 Misc 0.000000 0.000000 
Datos3b278340.txt 1.000000 55820.561995 15.381000 15.849000 Misc 0.000000 0.000000 
Datos3b278814.txt 1.000000 55820.561995 15.474000 15.931000 Misc 0.000000 0.000000 
Datos3b278695.txt 0.305599 55820.561995 16.093000 16.737000 Misc 0.000000 0.000000 
Datos3b278657.txt 1.000000 55820.561995 15.797000 16.630000 Misc 0.000000 0.000000 
Datos3b278234.txt 0.331975 55820.561995 15.794000 16.321000 Misc 0.000000 0.000000 
Datos3b278125.txt 1.000000 55820.561995 15.763000 16.326000 Misc 0.000000 0.000000 
Datos3b278638.txt 0.408201 55820.561995 14.794000 15.115000 Misc 0.000000 0.000000 
Datos3b278222.txt 1.300781 55820.561995 14.263000 14.614000 Misc 0.000000 0.000000 
Datos3b278296.txt 1.652941 55820.561995 15.718000 16.813000 Misc 0.000000 0.000000 
Datos3b278162.txt 0.261887 55820.561995 15.976000 16.527000 Misc 0.000000 0.000000 
Datos3b278655.txt 1.000000 55820.561995 15.929000 16.839000 Misc 0.000000 0.000000 
Datos3b278447.txt 1.000000 55820.561995 12.188000 12.365000 Misc 0.000000 0.000000 
Datos3b278259.txt 1.000000 55820.561995 15.815000 16.392000 Misc 0.000000 0.000000 
Datos3b278385.txt 1.000000 55820.561995 15.422000 15.875000 Misc 0.000000 0.000000 
Datos3b278140.txt 1.000000 55820.561995 16.095000 16.753000 Misc 0.000000 0.000000 
Datos3b278106.txt 1.000000 55820.561995 15.953000 16.549000 Misc 0.000000 0.000000 
Datos3b278267.txt 1.000000 55820.561995 13.499000 13.723000 Misc 0.000000 0.000000 
Datos3b278610.txt 0.997173 55820.561995 13.082000 13.286000 Misc 0.000000 0.000000 
Datos3b278703.txt 0.949920 55820.561995 14.424000 14.830000 Misc 0.000000 0.000000 
Datos3b278479.txt 0.997487 55820.561995 14.302000 14.730000 Misc 0.000000 0.000000 
Datos3b278346.txt 2.999227 55820.561995 14.361000 14.652000 Misc 0.000000 0.000000 
Datos3b278283.txt 1.000000 55820.561995 15.634000 16.104000 Misc 0.000000 0.000000 
Datos3b278511.txt 0.350681 55820.561995 15.307000 15.884000 Misc 0.000000 0.000000 
Datos3b278556.txt 1.000000 55820.561995 15.604000 16.084000 Misc 0.000000 0.000000 
Datos3b278667.txt 0.498365 55820.561995 14.907000 15.184000 Misc 0.000000 0.000000 
Datos3b278678.txt 1.000000 55820.561995 13.954000 14.287000 Misc 0.000000 0.000000 
Datos3b278580.txt 0.694962 55820.561995 14.958000 15.308000 Misc 0.000000 0.000000 
Datos3b278523.txt 0.997538 55820.561995 15.496000 15.959000 Misc 0.000000 0.000000 
Datos3b278553.txt 1.000000 55820.561995 14.233000 14.508000 Misc 0.000000 0.000000 
Datos3b278585.txt 1.000000 55820.561995 15.876000 16.548000 Misc 0.000000 0.000000 
Datos3b278462.txt 1.000000 55820.561995 15.521000 16.058000 Misc 0.000000 0.000000 
Datos3b278607.txt 0.996646 55820.561995 15.176000 15.463000 Misc 0.000000 0.000000 
Datos3b278738.txt 1.000000 55820.561995 12.886000 13.106000 Misc 0.000000 0.000000 
Datos3b278312.txt 1.000000 55820.561995 15.710000 16.165000 Misc 0.000000 0.000000 
Datos3b278591.txt 1.000000 55820.561995 16.136000 16.820000 Misc 0.000000 0.000000 
Datos3b278589.txt 1.000000 55820.561995 12.816000 12.966000 Misc 0.000000 0.000000 
Datos3b278484.txt 7.180328 55820.561995 16.022000 16.549000 Misc 0.000000 0.000000 
Datos3b278481.txt 1.000000 55820.561995 14.149000 14.470000 Misc 0.000000 0.000000 
Datos3b278559.txt 1.000000 55820.561995 15.938000 16.593000 Misc 0.000000 0.000000 
Datos3b278787.txt 1.000000 55820.561995 13.180000 13.411000 Misc 0.000000 0.000000 
Datos3b278423.txt 0.618947 55820.561995 16.218000 16.902000 Misc 0.000000 0.000000 
Datos3b278706.txt 0.996358 55820.561995 16.015000 16.691000 Misc 0.000000 0.000000 
Datos3b278250.txt 1.000000 55820.561995 13.195000 13.448000 Misc 0.000000 0.000000 
Datos3b278775.txt 0.308381 55820.561995 13.595000 13.831000 Misc 0.000000 0.000000 
Datos3b278258.txt 1.000000 56507.495576 13.252000 13.556000 Misc 0.000000 0.000000 
Datos3b278232.txt 1.000000 55820.561995 13.922000 14.273000 Misc 0.000000 0.000000 
Datos3b278808.txt 1.000000 55820.561995 15.736000 16.310000 Misc 0.000000 0.000000 
Datos3b278196.txt 1.000000 55820.561995 15.412000 15.838000 Misc 0.000000 0.000000 
Datos3b27870.txt 1.000000 55820.561995 15.479000 16.151000 Misc 0.000000 0.000000 
Datos3b278751.txt 0.289491 55820.561995 16.086000 16.603000 Misc 0.000000 0.000000 
Datos3b278328.txt 1.000000 55820.561995 16.008000 16.620000 Misc 0.000000 0.000000 
Datos3b278742.txt 1.000000 55820.561995 15.033000 15.566000 Misc 0.000000 0.000000 
Datos3b278517.txt 0.432688 55820.561995 15.789000 16.364000 Misc 0.000000 0.000000 
Datos3b278841.txt 1.000000 55820.561995 15.702000 16.274000 Misc 0.000000 0.000000 
Datos3b278477.txt 1.000000 55820.561995 16.032000 16.564000 Misc 0.000000 0.000000 
Datos3b278526.txt 0.282329 55820.561995 15.773000 16.286000 Misc 0.000000 0.000000 
Datos3b27837.txt 1.000000 55820.561995 16.120000 16.831000 Misc 0.000000 0.000000 
Datos3b278768.txt 0.257647 55820.561995 16.222000 16.995000 Misc 0.000000 0.000000 
Datos3b278124.txt 0.292146 55820.561995 16.216000 16.881000 Misc 0.000000 0.000000 
Datos3b278231.txt 1.000000 55820.561995 15.426000 15.864000 Misc 0.000000 0.000000 
Datos3b278753.txt 0.811863 55820.561995 14.419000 15.030000 Misc 0.000000 0.000000 
Datos3b278691.txt 0.285342 55820.561995 15.988000 16.624000 Misc 0.000000 0.000000 
Datos3b278360.txt 1.000000 55820.561995 14.662000 14.956000 Misc 0.000000 0.000000 
Datos3b278371.txt 1.000000 55820.561995 15.835000 16.387000 Misc 0.000000 0.000000 
Datos3b278773.txt 1.000000 55820.561995 15.578000 16.075000 Misc 0.000000 0.000000 
Datos3b278737.txt 0.238367 55820.561995 15.646000 16.222000 Misc 0.000000 0.000000 
Datos3b278842.txt 2.336000 55820.561995 13.215000 13.398000 Misc 0.000000 0.000000 
Datos3b278783.txt 1.000000 55820.561995 15.306000 15.838000 Misc 0.000000 0.000000 
Datos3b278153.txt 0.222279 55820.561995 15.299000 15.685000 Misc 0.000000 0.000000 
Datos3b278686.txt 1.000000 55820.561995 15.861000 16.406000 Misc 0.000000 0.000000 
Datos3b278837.txt 1.000000 55820.561995 15.543000 16.178000 Misc 0.000000 0.000000 
Datos3b278348.txt 1.000000 55839.524416 13.951000 14.380000 Misc 0.000000 0.000000 
Datos3b278453.txt 1.000000 55820.561995 14.240000 15.054000 Misc 0.000000 0.000000 
Datos3b278464.txt 1.000000 55820.561995 15.977000 16.632000 Misc 0.000000 0.000000 
Datos3b278579.txt 0.267184 55820.561995 13.099000 13.338000 Misc 0.000000 0.000000 
Datos3b278637.txt 0.324264 55820.561995 16.067000 16.568000 Misc 0.000000 0.000000 
Datos3b278154.txt 1.000000 55820.561995 15.777000 16.350000 Misc 0.000000 0.000000 
Datos3b278627.txt 0.581447 55820.561995 14.366000 14.612000 Misc 0.000000 0.000000 
Datos3b278319.txt 1.000000 55820.561995 15.658000 16.211000 Misc 0.000000 0.000000 
Datos3b278274.txt 1.000000 55820.561995 16.067000 16.742000 Misc 0.000000 0.000000 
Datos3b278261.txt 0.539575 55820.561995 12.180000 12.339000 Misc 0.000000 0.000000 
Datos3b278673.txt 0.820209 55820.561995 16.213000 16.889000 Misc 0.000000 0.000000 
Datos3b278277.txt 1.000000 55820.561995 15.650000 16.211000 Misc 0.000000 0.000000 
Datos3b27831.txt 1.000000 56507.495576 12.899000 13.119000 Misc 0.000000 0.000000 
Datos3b278785.txt 1.000000 55820.561995 14.825000 15.122000 Misc 0.000000 0.000000 
Datos3b278547.txt 2.939597 55820.561995 13.457000 13.671000 Misc 0.000000 0.000000 
Datos3b278568.txt 0.465462 55820.561995 15.468000 16.044000 Misc 0.000000 0.000000 
Datos3b278626.txt 2.939597 55820.561995 15.010000 15.321000 Misc 0.000000 0.000000 
Datos3b27852.txt 1.514261 55820.561995 13.165000 13.377000 Misc 0.000000 0.000000 
Datos3b278397.txt 1.000000 55820.561995 15.107000 15.484000 Misc 0.000000 0.000000 
Datos3b278776.txt 0.373930 55820.561995 15.567000 16.039000 Misc 0.000000 0.000000 
Datos3b278145.txt 1.000000 55820.561995 15.503000 15.919000 Misc 0.000000 0.000000 
Datos3b27856.txt 1.000000 55820.561995 16.007000 16.589000 Misc 0.000000 0.000000 
Datos3b278838.txt 1.000000 55820.561995 15.973000 16.842000 Misc 0.000000 0.000000 
Datos3b278428.txt 1.000000 55820.561995 13.341000 13.538000 Misc 0.000000 0.000000 
Datos3b278615.txt 0.828761 55820.561995 15.738000 16.285000 Misc 0.000000 0.000000 
Datos3b278760.txt 1.000000 56507.495576 15.221000 15.661000 Misc 0.000000 0.000000 
Datos3b278352.txt 1.000000 55820.561995 16.135000 16.820000 Misc 0.000000 0.000000 
Datos3b278716.txt 1.000186 55820.561995 12.565000 12.718000 Misc 0.000000 0.000000 
Datos3b278159.txt 1.000000 55820.561995 15.636000 17.018000 Misc 0.000000 0.000000 
Datos3b278458.txt 0.479475 55820.561995 12.949000 13.196000 Misc 0.000000 0.000000 
Datos3b278790.txt 1.000000 55820.561995 16.110000 16.749000 Misc 0.000000 0.000000 
Datos3b278473.txt 1.000000 56507.495576 12.741000 12.952000 Misc 0.000000 0.000000 
Datos3b278470.txt 1.000000 55820.561995 15.692000 16.166000 Misc 0.000000 0.000000 
Datos3b2789.txt 0.319068 55820.561995 14.088000 14.334000 Misc 0.000000 0.000000 
Datos3b278609.txt 1.000000 55820.561995 15.198000 15.864000 Misc 0.000000 0.000000 
Datos3b278494.txt 1.000000 55820.561995 16.066000 16.518000 Misc 0.000000 0.000000 
Datos3b278293.txt 1.000000 55820.561995 15.430000 15.952000 Misc 0.000000 0.000000 
Datos3b278574.txt 1.000000 55820.561995 16.035000 16.649000 Misc 0.000000 0.000000 
Datos3b278641.txt 1.000000 55820.561995 14.789000 15.119000 Misc 0.000000 0.000000 
Datos3b27887.txt 0.680124 55820.561995 15.855000 16.348000 Misc 0.000000 0.000000 
Datos3b27854.txt 1.000000 55820.561995 15.542000 16.057000 Misc 0.000000 0.000000 
Datos3b278284.txt 1.000000 55820.561995 15.868000 16.380000 Misc 0.000000 0.000000 
Datos3b278411.txt 1.000000 55820.561995 15.768000 16.278000 Misc 0.000000 0.000000 
Datos3b278731.txt 1.000000 55820.561995 15.645000 16.071000 Misc 0.000000 0.000000 
Datos3b278602.txt 1.000000 55820.561995 15.300000 15.671000 Misc 0.000000 0.000000 
Datos3b278710.txt 0.423393 55820.561995 15.712000 16.279000 Misc 0.000000 0.000000 
Datos3b278134.txt 1.000000 55820.561995 15.622000 16.125000 Misc 0.000000 0.000000 
Datos3b278592.txt 1.000000 55820.561995 15.791000 16.398000 Misc 0.000000 0.000000 
Datos3b278251.txt 1.000000 55820.561995 13.075000 13.259000 Misc 0.000000 0.000000 
Datos3b278732.txt 1.000000 55820.561995 12.834000 13.008000 Misc 0.000000 0.000000 
Datos3b278399.txt 1.000000 55820.561995 15.394000 15.844000 Misc 0.000000 0.000000 
Datos3b278377.txt 1.000000 55820.561995 13.542000 13.776000 Misc 0.000000 0.000000 
Datos3b278647.txt 1.000000 55820.561995 13.454000 13.738000 Misc 0.000000 0.000000 
Datos3b27883.txt 0.246483 55820.561995 15.590000 16.073000 Misc 0.000000 0.000000 
Datos3b278618.txt 0.265817 55820.561995 13.702000 14.069000 Misc 0.000000 0.000000 
Datos3b27882.txt 1.000000 55820.561995 15.692000 16.198000 Misc 0.000000 0.000000 
Datos3b278471.txt 1.000000 55820.561995 15.509000 16.036000 Misc 0.000000 0.000000 
Datos3b278551.txt 1.000000 55820.561995 13.737000 14.087000 Misc 0.000000 0.000000 
Datos3b278206.txt 1.000000 55820.561995 12.004000 12.328000 Misc 0.000000 0.000000 
Datos3b278323.txt 0.300979 55820.561995 14.446000 14.757000 Misc 0.000000 0.000000 
Datos3b27898.txt 1.000000 55820.561995 15.779000 16.277000 Misc 0.000000 0.000000 
Datos3b278745.txt 1.000000 55820.561995 15.033000 15.740000 Misc 0.000000 0.000000 
Datos3b278413.txt 1.000000 55820.561995 15.660000 16.374000 Misc 0.000000 0.000000 
Datos3b278115.txt 1.000000 55820.561995 15.664000 16.145000 Misc 0.000000 0.000000 
Datos3b278456.txt 1.000000 55820.561995 14.819000 15.310000 Misc 0.000000 0.000000 
Datos3b278122.txt 1.000000 55820.561995 12.618000 12.794000 Misc 0.000000 0.000000 
Datos3b278778.txt 1.000000 55820.561995 14.062000 14.318000 Misc 0.000000 0.000000 
Datos3b278711.txt 1.000000 55820.561995 15.729000 16.639000 Misc 0.000000 0.000000 
Datos3b278561.txt 0.287003 55820.561995 15.612000 16.194000 Misc 0.000000 0.000000 
Datos3b27889.txt 1.000000 55820.561995 15.225000 15.712000 Misc 0.000000 0.000000 
Datos3b278658.txt 1.000000 55820.561995 15.777000 16.539000 Misc 0.000000 0.000000 
Datos3b278565.txt 1.000000 55820.561995 12.620000 12.833000 Misc 0.000000 0.000000 
Datos3b27877.txt 1.000000 55820.561995 15.958000 16.383000 Misc 0.000000 0.000000 
Datos3b278209.txt 1.000000 55820.561995 14.907000 15.288000 Misc 0.000000 0.000000 
Datos3b278380.txt 1.000000 55820.561995 15.901000 16.507000 Misc 0.000000 0.000000 
Datos3b278693.txt 1.000000 55820.561995 15.867000 16.569000 Misc 0.000000 0.000000 
Datos3b278182.txt 1.000000 55820.561995 15.405000 15.875000 Misc 0.000000 0.000000 
Datos3b278756.txt 0.332385 56507.495576 15.164000 15.580000 Misc 0.000000 0.000000 
Datos3b278483.txt 0.330317 55820.561995 15.855000 16.702000 Misc 0.000000 0.000000 
Datos3b278276.txt 1.000000 55820.561995 12.977000 13.357000 Misc 0.000000 0.000000 
Datos3b278573.txt 1.000000 55820.561995 13.092000 13.281000 Misc 0.000000 0.000000 
Datos3b278623.txt 1.000000 55820.561995 15.879000 16.842000 Misc 0.000000 0.000000 
Datos3b27861.txt 1.000000 55820.561995 15.988000 16.795000 Misc 0.000000 0.000000 
Datos3b278660.txt 1.000000 55820.561995 15.531000 16.153000 Misc 0.000000 0.000000 
Datos3b27815.txt 1.000000 55839.524416 16.059000 16.624000 Misc 0.000000 0.000000 
Datos3b278793.txt 1.000000 55820.561995 16.041000 16.597000 Misc 0.000000 0.000000 
Datos3b278786.txt 1.371224 55820.561995 15.415000 15.887000 Misc 0.000000 0.000000 
Datos3b278795.txt 1.000000 55820.561995 15.921000 16.479000 Misc 0.000000 0.000000 
Datos3b278713.txt 1.000000 55820.561995 15.468000 16.049000 Misc 0.000000 0.000000 
Datos3b278100.txt 1.000000 55820.561995 15.703000 16.306000 Misc 0.000000 0.000000 
Datos3b278796.txt 1.000000 55820.561995 15.379000 15.761000 Misc 0.000000 0.000000 
Datos3b278472.txt 1.000000 55820.561995 13.199000 13.369000 Misc 0.000000 0.000000 
Datos3b278684.txt 1.000000 55820.561995 15.688000 16.235000 Misc 0.000000 0.000000 
Datos3b278584.txt 0.750512 55820.561995 14.903000 15.330000 Misc 0.000000 0.000000 
Datos3b278356.txt 1.000000 55820.561995 15.559000 16.021000 Misc 0.000000 0.000000 
Datos3b278712.txt 0.374599 55820.561995 14.213000 14.514000 Misc 0.000000 0.000000 
Datos3b278482.txt 1.000000 55820.561995 15.688000 16.924000 Misc 0.000000 0.000000 
Datos3b278373.txt 1.000000 55820.561995 15.975000 16.631000 Misc 0.000000 0.000000 
Datos3b278253.txt 0.494357 55820.561995 15.379000 15.852000 Misc 0.000000 0.000000 
Datos3b27858.txt 0.828761 55820.561995 13.130000 13.350000 Misc 0.000000 0.000000 
Datos3b278152.txt 0.751535 55820.561995 15.022000 15.327000 Misc 0.000000 0.000000 
Datos3b278412.txt 0.470968 55820.561995 15.381000 15.828000 Misc 0.000000 0.000000 
Datos3b278228.txt 1.000000 55820.561995 15.264000 15.644000 Misc 0.000000 0.000000 
Datos3b27832.txt 1.000000 55820.561995 15.437000 15.876000 Misc 0.000000 0.000000 
Datos3b278264.txt 1.000000 55820.561995 15.502000 15.951000 Misc 0.000000 0.000000 
Datos3b278546.txt 1.000000 55820.561995 12.777000 13.042000 Misc 0.000000 0.000000 
Datos3b278682.txt 1.000000 55820.561995 15.322000 15.726000 Misc 0.000000 0.000000 
Datos3b278149.txt 1.000000 55820.561995 15.481000 16.134000 Misc 0.000000 0.000000 
Datos3b278424.txt 0.306070 55820.561995 14.661000 14.997000 Misc 0.000000 0.000000 
Datos3b27884.txt 1.000000 56507.495576 15.857000 16.530000 Misc 0.000000 0.000000 
Datos3b278632.txt 0.278360 55820.561995 15.224000 15.615000 Misc 0.000000 0.000000 
Datos3b278498.txt 1.000000 55820.561995 13.012000 13.205000 Misc 0.000000 0.000000 
Datos3b278450.txt 1.000000 55820.561995 15.989000 16.567000 Misc 0.000000 0.000000 
Datos3b278646.txt 1.000000 55820.561995 15.095000 15.529000 Misc 0.000000 0.000000 
Datos3b278704.txt 0.752042 55820.561995 15.154000 15.488000 Misc 0.000000 0.000000 
Datos3b27821.txt 1.000000 55820.561995 16.219000 16.898000 Misc 0.000000 0.000000 
Datos3b278816.txt 0.332549 55820.561995 15.582000 16.225000 Misc 0.000000 0.000000 
Datos3b278445.txt 0.997173 55820.561995 13.419000 13.726000 Misc 0.000000 0.000000 
Datos3b27885.txt 1.000000 55820.561995 15.336000 15.747000 Misc 0.000000 0.000000 
Datos3b2786.txt 1.000000 55820.561995 15.495000 15.980000 Misc 0.000000 0.000000 
Datos3b278362.txt 1.000000 55820.561995 16.103000 16.689000 Misc 0.000000 0.000000 
Datos3b2785.txt 1.000000 55820.561995 16.119000 16.806000 Misc 0.000000 0.000000 
Datos3b278454.txt 0.751546 55820.561995 14.982000 15.324000 Misc 0.000000 0.000000 
Datos3b278843.txt 1.000000 55820.561995 15.781000 16.405000 Misc 0.000000 0.000000 
Datos3b278338.txt 1.000000 55820.561995 16.244000 16.881000 Misc 0.000000 0.000000 
Datos3b278127.txt 1.000000 55820.561995 15.922000 16.549000 Misc 0.000000 0.000000 
Datos3b278636.txt 1.000000 55820.561995 16.050000 16.712000 Misc 0.000000 0.000000 
Datos3b278683.txt 1.000000 55820.561995 15.854000 16.606000 Misc 0.000000 0.000000 
Datos3b278301.txt 1.000000 55820.561995 15.676000 16.187000 Misc 0.000000 0.000000 
Datos3b27844.txt 1.000000 55820.561995 15.475000 15.970000 Misc 0.000000 0.000000 
Datos3b278724.txt 1.060533 55820.561995 15.731000 16.361000 Misc 0.000000 0.000000 
Datos3b278260.txt 1.000000 55820.561995 15.796000 16.423000 Misc 0.000000 0.000000 
Datos3b278670.txt 0.930329 55820.561995 15.839000 16.428000 Misc 0.000000 0.000000 
Datos3b278341.txt 1.000000 55820.561995 15.795000 16.363000 Misc 0.000000 0.000000 
Datos3b278146.txt 1.000000 55820.561995 15.844000 16.351000 Misc 0.000000 0.000000 
Datos3b278798.txt 1.000000 55820.561995 15.280000 15.662000 Misc 0.000000 0.000000 
Datos3b278449.txt 1.000000 55820.561995 15.325000 15.692000 Misc 0.000000 0.000000 
Datos3b278538.txt 0.580902 55820.561995 14.922000 15.175000 Misc 0.000000 0.000000 
Datos3b278132.txt 1.000000 55820.561995 14.696000 14.908000 Misc 0.000000 0.000000 
Datos3b278557.txt 1.000000 55820.561995 12.791000 13.027000 Misc 0.000000 0.000000 
Datos3b278625.txt 1.000000 55820.561995 15.287000 15.726000 Misc 0.000000 0.000000 
Datos3b278644.txt 1.104213 55820.561995 15.183000 15.572000 Misc 0.000000 0.000000 
Datos3b278614.txt 1.000000 55820.561995 12.343000 12.625000 Misc 0.000000 0.000000 
Datos3b278179.txt 0.497445 55820.561995 15.800000 16.245000 Misc 0.000000 0.000000 
Datos3b278762.txt 1.000000 55820.561995 15.952000 16.486000 Misc 0.000000 0.000000 
Datos3b278850.txt 1.000000 55820.561995 12.980000 13.059000 Misc 0.000000 0.000000 
Datos3b278144.txt 1.000000 55820.561995 15.639000 16.181000 Misc 0.000000 0.000000 
Datos3b278832.txt 0.480922 55820.561995 15.223000 15.646000 Misc 0.000000 0.000000 
Datos3b278723.txt 0.438452 55820.561995 15.907000 16.465000 Misc 0.000000 0.000000 
Datos3b278527.txt 0.751546 55820.561995 15.003000 15.377000 Misc 0.000000 0.000000 
Datos3b278136.txt 1.000000 55820.561995 15.541000 16.069000 Misc 0.000000 0.000000 
Datos3b278148.txt 0.211748 55820.561995 15.780000 16.398000 Misc 0.000000 0.000000 
Datos3b27819.txt 1.000000 55820.561995 16.081000 16.795000 Misc 0.000000 0.000000 
Datos3b278733.txt 1.000000 55820.561995 16.094000 16.584000 Misc 0.000000 0.000000 
Datos3b27888.txt 1.000000 55820.561995 15.756000 16.329000 Misc 0.000000 0.000000 
Datos3b27881.txt 1.000000 55820.561995 14.070000 15.023000 Misc 0.000000 0.000000 
Datos3b278414.txt 1.000000 55820.561995 15.955000 16.575000 Misc 0.000000 0.000000 
Datos3b278158.txt 0.393090 55820.561995 14.700000 15.097000 Misc 0.000000 0.000000 
Datos3b27893.txt 0.240309 55820.561995 15.100000 15.578000 Misc 0.000000 0.000000 
Datos3b278244.txt 1.242553 55820.561995 15.959000 16.502000 Misc 0.000000 0.000000 
Datos3b278669.txt 0.726669 55820.561995 14.092000 14.295000 Misc 0.000000 0.000000 
Datos3b278198.txt 1.000000 55820.561995 12.228000 12.548000 Misc 0.000000 0.000000 
Datos3b278792.txt 1.000000 55820.561995 15.692000 16.926000 Misc 0.000000 0.000000 
Datos3b278555.txt 1.000000 55820.561995 13.163000 13.351000 Misc 0.000000 0.000000 
Datos3b278107.txt 1.000000 55820.561995 15.719000 16.200000 Misc 0.000000 0.000000 
Datos3b278588.txt 1.000000 55820.561995 15.939000 16.543000 Misc 0.000000 0.000000 
Datos3b278656.txt 0.499961 55820.561995 16.190000 16.922000 Misc 0.000000 0.000000 
Datos3b278566.txt 1.000000 55820.561995 15.571000 16.040000 Misc 0.000000 0.000000 
Datos3b278104.txt 0.311357 55820.561995 15.439000 15.799000 Misc 0.000000 0.000000 
Datos3b278500.txt 1.000000 55820.561995 15.380000 15.840000 Misc 0.000000 0.000000 
Datos3b278642.txt 1.000000 55820.561995 12.279000 12.471000 Misc 0.000000 0.000000 
Datos3b278187.txt 1.000000 55820.561995 15.581000 16.068000 Misc 0.000000 0.000000 
Datos3b278635.txt 0.241622 55820.561995 12.272000 12.569000 Misc 0.000000 0.000000 
Datos3b27853.txt 1.000000 55820.561995 15.953000 16.662000 Misc 0.000000 0.000000 
Datos3b278218.txt 1.000000 55820.561995 15.650000 16.094000 Misc 0.000000 0.000000 
Datos3b278474.txt 1.000000 55820.561995 15.626000 16.169000 Misc 0.000000 0.000000 
Datos3b278391.txt 1.000000 55820.561995 15.607000 16.084000 Misc 0.000000 0.000000 
Datos3b278581.txt 1.000000 55820.561995 15.083000 15.507000 Misc 0.000000 0.000000 
Datos3b278524.txt 1.000000 55820.561995 13.131000 13.388000 Misc 0.000000 0.000000 
Datos3b278170.txt 1.000000 55820.561995 15.477000 16.059000 Misc 0.000000 0.000000 
Datos3b278661.txt 0.730000 55820.561995 12.468000 12.658000 Misc 0.000000 0.000000 
Datos3b278177.txt 1.000000 55820.561995 15.215000 15.621000 Misc 0.000000 0.000000 
Datos3b278569.txt 0.411364 55820.561995 15.404000 15.864000 Misc 0.000000 0.000000 
Datos3b278508.txt 0.453534 55820.561995 15.586000 16.356000 Misc 0.000000 0.000000 
Datos3b278735.txt 0.581444 55820.561995 14.886000 15.154000 Misc 0.000000 0.000000 
Datos3b278379.txt 1.000000 55820.561995 13.194000 13.413000 Misc 0.000000 0.000000 
Datos3b278286.txt 1.000000 55820.561995 12.769000 12.981000 Misc 0.000000 0.000000 
Datos3b278167.txt 1.282003 55820.561995 14.286000 14.630000 Misc 0.000000 0.000000 
Datos3b278594.txt 1.000000 56507.495576 15.362000 15.682000 Misc 0.000000 0.000000 
Datos3b278624.txt 1.000000 55820.561995 15.422000 15.867000 Misc 0.000000 0.000000 
Datos3b278178.txt 1.000000 55820.561995 15.720000 16.127000 Misc 0.000000 0.000000 
Datos3b278123.txt 1.000000 55820.561995 15.851000 16.510000 Misc 0.000000 0.000000 
Datos3b278119.txt 1.000000 55820.561995 15.945000 16.540000 Misc 0.000000 0.000000 
Datos3b278166.txt 1.000000 55820.561995 15.909000 16.431000 Misc 0.000000 0.000000 
Datos3b278519.txt 0.487700 55820.561995 15.378000 15.814000 Misc 0.000000 0.000000 
Datos3b278395.txt 1.000000 55820.561995 14.770000 15.448000 Misc 0.000000 0.000000 
Datos3b278213.txt 1.000000 55820.561995 16.286000 17.011000 Misc 0.000000 0.000000 
Datos3b278325.txt 1.000000 55820.561995 15.821000 16.924000 Misc 0.000000 0.000000 
Datos3b278544.txt 1.000000 55820.561995 14.038000 14.235000 Misc 0.000000 0.000000 
Datos3b278265.txt 0.365991 55820.561995 15.422000 15.878000 Misc 0.000000 0.000000