Datos1b278660.txt 13.151165 55820.561995 13.188000 13.394000 Misc 0.000000 0.000000 
Datos1b278402.txt 0.508809 55820.561995 13.311000 13.555000 Misc 0.000000 0.000000 
Datos1b278662.txt 0.512959 55820.561995 14.129000 14.435000 Misc 0.000000 0.000000 
Datos1b278116.txt 0.511159 55820.561995 14.516000 14.832000 Misc 0.000000 0.000000 
Datos1b278434.txt 0.508165 55820.561995 14.524000 14.837000 Misc 0.000000 0.000000 
Datos1b278234.txt 0.718230 55820.561995 15.429000 15.971000 Misc 0.000000 0.000000 
Datos1b278164.txt 0.469194 55820.561995 14.237000 14.525000 Misc 0.000000 0.000000 
Datos1b278583.txt 0.390566 55820.561995 14.655000 15.032000 Misc 0.000000 0.000000 
Datos1b278471.txt 0.529821 55820.561995 14.162000 14.494000 Misc 0.000000 0.000000 
Datos1b27855.txt 0.521741 55820.561995 14.202000 14.551000 Misc 0.000000 0.000000 
Datos1b278760.txt 0.477022 55820.561995 12.258000 12.444000 Misc 0.000000 0.000000 
Datos1b27819.txt 0.286913 55820.561995 14.211000 14.579000 Misc 0.000000 0.000000 
Datos1b278215.txt 0.535249 55820.561995 14.272000 14.605000 Misc 0.000000 0.000000 
Datos1b27852.txt 0.474123 55820.561995 14.424000 14.830000 Misc 0.000000 0.000000 
Datos1b278189.txt 0.474098 55820.561995 14.424000 14.830000 Misc 0.000000 0.000000 
Datos1b278446.txt 0.407258 55820.561995 15.062000 15.467000 Misc 0.000000 0.000000 
Datos1b278567.txt 0.660376 55820.561995 13.242000 13.583000 Misc 0.000000 0.000000 
Datos1b278770.txt 0.329023 55820.561995 15.278000 15.740000 Misc 0.000000 0.000000 
Datos1b278849.txt 2.840818 55820.561995 12.331000 12.754000 Misc 0.000000 0.000000 
Datos1b278360.txt 0.599211 55820.561995 14.264000 14.532000 Misc 0.000000 0.000000 
Datos1b278238.txt 0.560915 55820.561995 14.279000 14.564000 Misc 0.000000 0.000000 
Datos1b27863.txt 0.507674 55820.561995 12.895000 13.248000 Misc 0.000000 0.000000 
Datos1b278158.txt 0.412290 55820.561995 12.004000 12.328000 Misc 0.000000 0.000000 
Datos1b278839.txt 1.340664 55820.561995 15.362000 15.992000 Misc 0.000000 0.000000 
Datos1b27816.txt 1.057236 55820.561995 13.984000 14.257000 Misc 0.000000 0.000000 
Datos1b278388.txt 1.233701 55820.561995 12.627000 12.921000 Misc 0.000000 0.000000 
Datos1b278806.txt 0.439588 55820.561995 14.464000 14.768000 Misc 0.000000 0.000000 
Datos1b278143.txt 0.259714 55820.561995 16.292000 17.018000 Misc 0.000000 0.000000 
Datos1b278112.txt 0.687677 55820.561995 14.090000 14.359000 Misc 0.000000 0.000000 
Datos1b278165.txt 22.675908 55820.561995 12.046000 12.402000 Misc 0.000000 0.000000 
Datos1b278727.txt 0.644397 55820.561995 15.190000 15.706000 Misc 0.000000 0.000000 
Datos1b27827.txt 1.288796 55820.561995 15.190000 15.706000 Misc 0.000000 0.000000 
Datos1b278203.txt 0.601183 55820.561995 13.931000 14.369000 Misc 0.000000 0.000000 
Datos1b278156.txt 0.467442 55820.561995 14.402000 14.808000 Misc 0.000000 0.000000 
Datos1b278276.txt 0.393700 55820.561995 14.700000 15.097000 Misc 0.000000 0.000000 
Datos1b278407.txt 1.000000 55820.561995 12.696000 12.875000 Misc 0.000000 0.000000 
Datos1b278357.txt 2.973363 55820.561995 15.465000 16.033000 Misc 0.000000 0.000000 
Datos1b278162.txt 0.560920 55820.561995 14.286000 14.630000 Misc 0.000000 0.000000 
Datos1b278473.txt 0.704921 55820.561995 14.031000 14.340000 Misc 0.000000 0.000000 
Datos1b278245.txt 0.432314 55820.561995 14.646000 14.991000 Misc 0.000000 0.000000 
Datos1b278530.txt 1.072007 55820.561995 13.887000 14.202000 Misc 0.000000 0.000000 
Datos1b278847.txt 2.281420 55820.561995 13.767000 14.129000 Misc 0.000000 0.000000 
Datos1b278147.txt 1.267378 55820.561995 15.062000 15.715000 Misc 0.000000 0.000000 
Datos1b278190.txt 4.799804 55820.561995 12.664000 13.155000 Misc 0.000000 0.000000 
Datos1b278492.txt 0.441780 55820.561995 13.842000 14.127000 Misc 0.000000 0.000000 
Datos1b27899.txt 0.439137 55820.561995 13.841000 14.073000 Misc 0.000000 0.000000 
Datos1b278557.txt 0.439135 55820.561995 13.841000 14.073000 Misc 0.000000 0.000000 
Datos1b278694.txt 3.334888 55820.561995 12.896000 13.233000 Misc 0.000000 0.000000 
Datos1b278628.txt 0.754641 55820.561995 14.597000 15.187000 Misc 0.000000 0.000000 
Datos1b278470.txt 0.399314 55820.561995 14.361000 14.687000 Misc 0.000000 0.000000 
Datos1b278520.txt 1.207917 55820.561995 15.212000 15.840000 Misc 0.000000 0.000000 
Datos1b278648.txt 0.947291 55820.561995 14.600000 14.948000 Misc 0.000000 0.000000 
Datos1b278258.txt 4.572412 55820.561995 12.570000 12.881000 Misc 0.000000 0.000000 
Datos1b278687.txt 0.328776 55820.561995 15.919000 16.631000 Misc 0.000000 0.000000 
Datos1b27826.txt 1.633825 55820.561995 12.405000 12.659000 Misc 0.000000 0.000000 
Datos1b278264.txt 0.280730 55820.561995 15.460000 15.909000 Misc 0.000000 0.000000 
Datos1b278523.txt 1.138749 55820.561995 14.464000 14.797000 Misc 0.000000 0.000000 
Datos1b278610.txt 5.547261 55820.561995 13.725000 13.957000 Misc 0.000000 0.000000 
Datos1b278377.txt 5.546614 55820.561995 13.725000 13.957000 Misc 0.000000 0.000000 
Datos1b278336.txt 5.546850 55820.561995 13.725000 13.957000 Misc 0.000000 0.000000 
Datos1b278226.txt 1.331140 55820.561995 14.576000 14.943000 Misc 0.000000 0.000000 
Datos1b278601.txt 1.198620 55820.561995 13.963000 14.211000 Misc 0.000000 0.000000 
Datos1b27860.txt 0.211802 55820.561995 13.996000 14.475000 Misc 0.000000 0.000000 
Datos1b278313.txt 1.166629 55820.561995 14.114000 14.430000 Misc 0.000000 0.000000 
Datos1b278551.txt 9.217630 55820.561995 13.098000 13.649000 Misc 0.000000 0.000000 
Datos1b278833.txt 0.567471 55820.561995 13.235000 13.504000 Misc 0.000000 0.000000 
Datos1b278403.txt 0.567463 55820.561995 13.235000 13.504000 Misc 0.000000 0.000000 
Datos1b278699.txt 6.893688 55820.561995 14.031000 14.264000 Misc 0.000000 0.000000 
Datos1b27895.txt 0.286981 55820.561995 13.392000 13.623000 Misc 0.000000 0.000000 
Datos1b278611.txt 0.286980 55820.561995 13.392000 13.623000 Misc 0.000000 0.000000
Datosb27850.txt 23.988740 55820.561995 13.102000 13.429000 Misc 0.000000 0.000000 
Datosb27896.txt 0.380462 55820.561995 14.445000 14.946000 Misc 0.000000 0.000000 
Datosb27847.txt 0.372938 55820.561995 15.514000 16.147000 Misc 0.000000 0.000000 
Datosb27830.txt 0.324447 55820.561995 14.419000 15.030000 Misc 0.000000 0.000000 
Datosb27827.txt 2.840904 55820.561995 12.331000 12.754000 Misc 0.000000 0.000000 
Datosb27819.txt 4.397457 55820.561995 14.257000 14.727000 Misc 0.000000 0.000000 
Datosb27849.txt 0.283818 55820.561995 14.927000 15.531000 Misc 0.000000 0.000000 
Datosb27843.txt 3.537513 55820.561995 13.750000 14.335000 Misc 0.000000 0.000000 
Datosb278100.txt 0.253835 55820.561995 12.895000 13.248000 Misc 0.000000 0.000000 
Datosb27876.txt 1.233696 55820.561995 12.627000 12.921000 Misc 0.000000 0.000000 
Datosb27871.txt 0.209278 55820.561995 14.623000 15.136000 Misc 0.000000 0.000000 
Datosb27879.txt 0.390932 55820.561995 14.958000 15.561000 Misc 0.000000 0.000000 
Datosb27890.txt 0.593304 55820.561995 15.953000 16.662000 Misc 0.000000 0.000000 
Datosb27885.txt 0.311771 55820.561995 14.423000 14.833000 Misc 0.000000 0.000000 
Datosb27888.txt 0.384920 55820.561995 15.235000 16.082000 Misc 0.000000 0.000000
Datosb27881.txt 1.589630 55820.561995 11.950000 12.316000 Misc 0.000000 0.000000 
b278D102.txt 0.211804 55820.561995 13.996000 14.475000 Misc 0.000000 0.000000 
b278D13.txt 0.328888 55820.561995 14.577000 14.991000 Misc 0.000000 0.000000 
b278D26.txt 1.972302 55820.561995 14.979000 15.761000 Misc 0.000000 0.000000 
b278D29.txt 1.567313 55820.561995 15.481000 16.134000 Misc 0.000000 0.000000 
b278D33.txt 0.350614 55820.561995 14.869000 15.594000 Misc 0.000000 0.000000 
b278D38.txt 0.307190 55820.561995 13.581000 13.999000 Misc 0.000000 0.000000 
b278D40.txt 0.377321 55820.561995 14.597000 15.187000 Misc 0.000000 0.000000 
b278D43.txt 0.253834 55820.561995 12.895000 13.248000 Misc 0.000000 0.000000 
b278D46.txt 1.748061 55820.561995 12.998000 13.320000 Misc 0.000000 0.000000 
b278D47.txt 0.265407 55820.561995 13.921000 14.344000 Misc 0.000000 0.000000 
b278D48.txt 1.918359 55820.561995 14.777000 15.369000 Misc 0.000000 0.000000 
b278D50.txt 1.440649 55820.561995 15.007000 15.557000 Misc 0.000000 0.000000 
b278D57.txt 0.895569 55820.561995 15.148000 16.116000 Misc 0.000000 0.000000 
b278D58.txt 0.240681 55820.561995 14.364000 14.831000 Misc 0.000000 0.000000 
b278D59.txt 546.431762 55820.561995 12.887000 13.188000 Misc 0.000000 0.000000 
b278D65.txt 0.247172 55820.561995 14.988000 15.478000 Misc 0.000000 0.000000 
b278D66.txt 1.589601 55820.561995 11.950000 12.316000 Misc 0.000000 0.000000 
b278D71.txt 0.330186 55820.561995 13.242000 13.583000 Misc 0.000000 0.000000 
b278D75.txt 1.186824 55820.561995 14.918000 15.565000 Misc 0.000000 0.000000 
b278D7.txt 0.372938 55820.561995 15.514000 16.147000 Misc 0.000000 0.000000 
b278D84.txt 1.367663 55820.561995 14.900000 15.452000 Misc 0.000000 0.000000 
b278D85.txt 23.988579 55820.561995 13.102000 13.429000 Misc 0.000000 0.000000 
b278D89.txt 0.227727 55820.561995 13.953000 14.368000 Misc 0.000000 0.000000 
b278D90.txt 0.763559 55820.561995 13.716000 14.116000 Misc 0.000000 0.000000 
b278D91.txt 0.280635 55820.561995 15.107000 15.852000 Misc 0.000000 0.000000 
b278D105.txt 0.997210 55820.561995 13.914000 14.279000 Misc 0.000000 0.000000 
b278D39.txt 0.997188 55820.561995 13.419000 13.726000 Misc 0.000000 0.000000 
b278D49.txt 0.435060 55820.561995 14.663000 15.101000 Misc 0.000000 0.000000 
Datos2b278275.txt 12.383127 55820.561995 12.226000 12.411000 Misc 0.000000 0.000000 
Datos2b278107.txt 0.508795 55820.561995 13.311000 13.555000 Misc 0.000000 0.000000 
Datos2b278366.txt 0.507966 55820.561995 14.403000 14.738000 Misc 0.000000 0.000000 
Datos2b278616.txt 1.023114 55820.561995 14.240000 14.531000 Misc 0.000000 0.000000 
Datos2b278508.txt 0.511555 55820.561995 14.240000 14.531000 Misc 0.000000 0.000000 
Datos2b278538.txt 1.002643 55820.561995 14.417000 14.719000 Misc 0.000000 0.000000 
Datos2b278441.txt 0.503084 55820.561995 14.362000 14.742000 Misc 0.000000 0.000000 
Datos2b278497.txt 1.005530 55820.561995 14.479000 14.762000 Misc 0.000000 0.000000 
Datos2b278515.txt 0.469193 55820.561995 14.237000 14.525000 Misc 0.000000 0.000000 
Datos2b278736.txt 0.994125 55820.561995 14.317000 14.648000 Misc 0.000000 0.000000 
Datos2b278427.txt 0.994144 55820.561995 14.317000 14.648000 Misc 0.000000 0.000000 
Datos2b27881.txt 0.494784 55820.561995 14.575000 14.896000 Misc 0.000000 0.000000 
Datos2b278569.txt 0.707315 55820.561995 15.272000 15.681000 Misc 0.000000 0.000000 
Datos2b278352.txt 0.339365 55820.561995 12.380000 12.690000 Misc 0.000000 0.000000 
Datos2b278772.txt 0.631746 55820.561995 13.872000 14.180000 Misc 0.000000 0.000000 
Datos2b278794.txt 1.098316 55820.561995 14.400000 14.683000 Misc 0.000000 0.000000 
Datos2b278268.txt 0.689108 55820.561995 14.843000 15.185000 Misc 0.000000 0.000000 
Datos2b278178.txt 0.477761 55820.561995 15.542000 16.031000 Misc 0.000000 0.000000 
Datos2b278654.txt 0.203159 55820.561995 13.770000 13.970000 Misc 0.000000 0.000000 
Datos2b278448.txt 0.407271 55820.561995 15.062000 15.467000 Misc 0.000000 0.000000 
Datos2b278542.txt 0.478004 55820.561995 14.301000 14.594000 Misc 0.000000 0.000000 
Datos2b278421.txt 0.478008 55820.561995 14.301000 14.594000 Misc 0.000000 0.000000 
Datos2b278124.txt 0.541361 55820.561995 14.408000 14.658000 Misc 0.000000 0.000000 
Datos2b278629.txt 8.795303 55820.561995 14.257000 14.727000 Misc 0.000000 0.000000 
Datos2b278278.txt 0.463325 55820.561995 12.949000 13.196000 Misc 0.000000 0.000000 
Datos2b278787.txt 0.474682 55820.561995 14.360000 14.698000 Misc 0.000000 0.000000 
Datos2b278818.txt 0.283816 55820.561995 14.927000 15.531000 Misc 0.000000 0.000000 
Datos2b278495.txt 1.791416 55820.561995 15.148000 16.116000 Misc 0.000000 0.000000 
Datos2b278812.txt 0.774269 55820.561995 15.286000 15.693000 Misc 0.000000 0.000000 
Datos2b278722.txt 0.242208 55820.561995 15.797000 16.265000 Misc 0.000000 0.000000 
Datos2b278329.txt 1.189477 55820.561995 14.213000 14.514000 Misc 0.000000 0.000000 
Datos2b278748.txt 0.440338 55820.561995 15.232000 15.638000 Misc 0.000000 0.000000 
Datos2b278671.txt 0.401044 55820.561995 16.126000 16.706000 Misc 0.000000 0.000000 
Datos2b278552.txt 0.687651 55820.561995 14.090000 14.359000 Misc 0.000000 0.000000 
Datos2b278570.txt 1.059987 55820.561995 15.731000 16.361000 Misc 0.000000 0.000000 
Datos2b278789.txt 1.173287 55820.561995 14.324000 14.646000 Misc 0.000000 0.000000 
Datos2b278580.txt 0.889845 55820.561995 15.304000 15.833000 Misc 0.000000 0.000000 
Datos2b278492.txt 0.527911 55820.561995 15.062000 15.498000 Misc 0.000000 0.000000 
Datos2b278704.txt 2.603531 55820.561995 15.205000 15.576000 Misc 0.000000 0.000000 
Datos2b278546.txt 1.806306 55820.561995 12.769000 12.981000 Misc 0.000000 0.000000 
Datos2b278325.txt 0.627370 55820.561995 14.770000 15.214000 Misc 0.000000 0.000000 
Datos2b278507.txt 0.323496 55820.561995 15.112000 15.493000 Misc 0.000000 0.000000 
Datos2b278128.txt 0.377434 55820.561995 14.860000 15.180000 Misc 0.000000 0.000000 
Datos2b278257.txt 6.362214 55839.524416 14.394000 14.812000 Misc 0.000000 0.000000 
Datos2b278306.txt 1.211028 55820.561995 14.087000 14.361000 Misc 0.000000 0.000000 
Datos2b278628.txt 0.225097 55820.561995 15.649000 16.190000 Misc 0.000000 0.000000 
Datos2b278642.txt 2.005137 55820.561995 14.982000 15.417000 Misc 0.000000 0.000000 
Datos2b278816.txt 0.234260 55820.561995 15.012000 15.435000 Misc 0.000000 0.000000 
Datos2b278535.txt 1.414411 55820.561995 13.590000 13.858000 Misc 0.000000 0.000000 
Datos2b278207.txt 0.707193 55820.561995 13.590000 13.858000 Misc 0.000000 0.000000 
Datos2b278476.txt 2.534613 55820.561995 15.062000 15.715000 Misc 0.000000 0.000000 
Datos2b278297.txt 4.554834 55820.561995 15.284000 15.681000 Misc 0.000000 0.000000 
Datos2b278316.txt 0.536000 55820.561995 15.537000 15.967000 Misc 0.000000 0.000000 
Datos2b278792.txt 4.799198 55820.561995 12.664000 13.155000 Misc 0.000000 0.000000 
Datos2b278376.txt 2.399705 55820.561995 12.664000 13.155000 Misc 0.000000 0.000000 
Datos2b278517.txt 1.000000 55820.561995 16.102000 16.753000 Misc 0.000000 0.000000 
Datos2b278622.txt 1.000000 55820.561995 15.085000 15.460000 Misc 0.000000 0.000000 
Datos2b278819.txt 0.660649 55820.561995 15.778000 16.381000 Misc 0.000000 0.000000 
Datos2b278692.txt 0.426958 55820.561995 15.549000 16.173000 Misc 0.000000 0.000000 
Datos2b27882.txt 0.425703 55820.561995 15.056000 15.391000 Misc 0.000000 0.000000 
Datos2b278767.txt 0.425701 55820.561995 15.056000 15.391000 Misc 0.000000 0.000000 
Datos2b278611.txt 0.425687 55820.561995 15.056000 15.391000 Misc 0.000000 0.000000 
Datos2b27836.txt 0.425683 55820.561995 15.056000 15.391000 Misc 0.000000 0.000000 
Datos2b278112.txt 0.399313 55820.561995 14.361000 14.687000 Misc 0.000000 0.000000 
Datos2b278145.txt 0.675847 55820.561995 14.765000 15.064000 Misc 0.000000 0.000000 
Datos2b278728.txt 0.908277 55820.561995 14.348000 14.720000 Misc 0.000000 0.000000 
Datos2b278776.txt 0.470426 55820.561995 15.613000 16.304000 Misc 0.000000 0.000000 
Datos2b278575.txt 0.470424 55820.561995 15.613000 16.304000 Misc 0.000000 0.000000 
Datos2b278155.txt 7.800664 55820.561995 14.514000 14.947000 Misc 0.000000 0.000000 
Datos2b278707.txt 0.452068 55820.561995 14.962000 15.335000 Misc 0.000000 0.000000 
Datos2b278741.txt 3.508473 55820.561995 14.429000 14.872000 Misc 0.000000 0.000000 
Datos2b278659.txt 0.751524 55820.561995 15.077000 15.382000 Misc 0.000000 0.000000 
Datos2b278395.txt 3.228805 55820.561995 11.903000 12.205000 Misc 0.000000 0.000000 
Datos2b278101.txt 0.763415 55820.561995 14.380000 14.718000 Misc 0.000000 0.000000 
Datos2b278215.txt 1.303158 55820.561995 14.078000 14.329000 Misc 0.000000 0.000000 
Datos2b278122.txt 1.682448 55820.561995 14.700000 15.061000 Misc 0.000000 0.000000 
Datos2b278190.txt 0.530820 55820.561995 13.921000 14.344000 Misc 0.000000 0.000000 
Datos2b278480.txt 0.342896 55820.561995 14.620000 14.888000 Misc 0.000000 0.000000 
Datos2b27845.txt 0.408072 55820.561995 15.180000 15.511000 Misc 0.000000 0.000000 
Datos2b278597.txt 0.344916 55820.561995 15.247000 15.654000 Misc 0.000000 0.000000 
Datos2b278752.txt 1.311496 55820.561995 14.549000 14.840000 Misc 0.000000 0.000000 
Datos2b278317.txt 1.311417 55820.561995 14.549000 14.840000 Misc 0.000000 0.000000 
Datos2b278474.txt 0.579613 55820.561995 14.787000 15.113000 Misc 0.000000 0.000000 
Datos2b278484.txt 4.794039 55820.561995 14.888000 15.452000 Misc 0.000000 0.000000
Datos3b278502.txt 12.381087 55820.561995 12.226000 12.411000 Misc 0.000000 0.000000 
Datos3b278370.txt 13.151165 55820.561995 13.188000 13.394000 Misc 0.000000 0.000000 
Datos3b27873.txt 0.518057 55820.561995 14.048000 14.286000 Misc 0.000000 0.000000 
Datos3b278390.txt 0.508804 55820.561995 13.311000 13.555000 Misc 0.000000 0.000000 
Datos3b278764.txt 0.251547 55820.561995 14.362000 14.742000 Misc 0.000000 0.000000 
Datos3b278396.txt 1.537871 55820.561995 14.125000 14.364000 Misc 0.000000 0.000000 
Datos3b278797.txt 0.494877 55820.561995 14.412000 14.768000 Misc 0.000000 0.000000 
Datos3b27894.txt 1.000000 55820.561995 15.905000 16.644000 Misc 0.000000 0.000000 
Datos3b278820.txt 0.996846 55820.561995 13.376000 13.591000 Misc 0.000000 0.000000 
Datos3b278308.txt 0.478659 55820.561995 14.457000 14.768000 Misc 0.000000 0.000000 
Datos3b278665.txt 1.082766 55820.561995 14.517000 14.928000 Misc 0.000000 0.000000 
Datos3b278303.txt 0.311453 55820.561995 15.796000 16.342000 Misc 0.000000 0.000000 
Datos3b278241.txt 0.390566 55820.561995 14.655000 15.032000 Misc 0.000000 0.000000 
Datos3b27827.txt 0.529821 55820.561995 14.162000 14.494000 Misc 0.000000 0.000000 
Datos3b278844.txt 0.399281 55820.561995 15.770000 16.364000 Misc 0.000000 0.000000 
Datos3b27828.txt 1.000000 55820.561995 15.990000 16.867000 Misc 0.000000 0.000000 
Datos3b278620.txt 0.286915 55820.561995 14.211000 14.579000 Misc 0.000000 0.000000 
Datos3b278200.txt 0.344554 55820.561995 14.843000 15.185000 Misc 0.000000 0.000000 
Datos3b278299.txt 0.349179 55820.561995 13.472000 13.707000 Misc 0.000000 0.000000 
Datos3b278853.txt 0.407420 55820.561995 13.001000 13.325000 Misc 0.000000 0.000000 
Datos3b278204.txt 0.203634 55820.561995 15.062000 15.467000 Misc 0.000000 0.000000 
Datos3b278465.txt 0.330188 55820.561995 13.242000 13.583000 Misc 0.000000 0.000000 
Datos3b278757.txt 0.478001 55820.561995 14.301000 14.594000 Misc 0.000000 0.000000 
Datos3b278817.txt 0.446582 55820.561995 14.445000 14.838000 Misc 0.000000 0.000000 
Datos3b278835.txt 0.565177 55820.561995 14.164000 14.425000 Misc 0.000000 0.000000 
Datos3b278746.txt 0.228443 55820.561995 14.542000 14.841000 Misc 0.000000 0.000000 
Datos3b278354.txt 0.306099 55820.561995 15.927000 16.602000 Misc 0.000000 0.000000 
Datos3b278114.txt 0.550915 55820.561995 14.627000 15.002000 Misc 0.000000 0.000000 
Datos3b278613.txt 0.895573 55820.561995 15.148000 16.116000 Misc 0.000000 0.000000 
Datos3b278227.txt 0.523952 56484.678742 14.093000 14.375000 Misc 0.000000 0.000000 
Datos3b278437.txt 0.619804 55820.561995 14.831000 15.368000 Misc 0.000000 0.000000 
Datos3b27811.txt 0.474819 55820.561995 15.083000 15.511000 Misc 0.000000 0.000000 
Datos3b278174.txt 0.309531 55820.561995 12.961000 13.152000 Misc 0.000000 0.000000 
Datos3b27865.txt 0.486139 55820.561995 12.050000 12.281000 Misc 0.000000 0.000000 
Datos3b278358.txt 0.207641 55820.561995 15.812000 16.579000 Misc 0.000000 0.000000 
Datos3b278108.txt 0.473944 55820.561995 13.740000 14.023000 Misc 0.000000 0.000000 
Datos3b278151.txt 0.545106 55820.561995 14.031000 14.340000 Misc 0.000000 0.000000 
Datos3b27848.txt 3.181484 55839.524416 14.394000 14.812000 Misc 0.000000 0.000000 
Datos3b278478.txt 4.924271 55820.561995 13.613000 14.139000 Misc 0.000000 0.000000 
Datos3b278214.txt 1.210961 55820.561995 14.087000 14.361000 Misc 0.000000 0.000000 
Datos3b27818.txt 3.959677 55820.561995 14.885000 15.360000 Misc 0.000000 0.000000 
Datos3b278235.txt 0.623543 55820.561995 14.423000 14.833000 Misc 0.000000 0.000000 
Datos3b278247.txt 0.756151 55820.561995 15.184000 15.706000 Misc 0.000000 0.000000 
Datos3b278788.txt 0.441784 55820.561995 13.842000 14.127000 Misc 0.000000 0.000000 
Datos3b278417.txt 3.335360 55820.561995 12.896000 13.233000 Misc 0.000000 0.000000 
Datos3b278606.txt 0.269947 55820.561995 14.981000 15.704000 Misc 0.000000 0.000000 
Datos3b278320.txt 0.454138 55820.561995 14.348000 14.720000 Misc 0.000000 0.000000 
Datos3b278560.txt 0.875144 55820.561995 15.620000 16.336000 Misc 0.000000 0.000000 
Datos3b278525.txt 0.221489 55820.561995 15.029000 15.656000 Misc 0.000000 0.000000 
Datos3b278619.txt 0.235214 55820.561995 15.613000 16.304000 Misc 0.000000 0.000000 
Datos3b278199.txt 1.090873 55820.561995 14.956000 16.027000 Misc 0.000000 0.000000 
Datos3b27897.txt 0.366824 55820.561995 13.158000 13.508000 Misc 0.000000 0.000000 
Datos3b278721.txt 0.473624 55820.561995 14.600000 14.948000 Misc 0.000000 0.000000 
Datos3b278818.txt 0.328780 55820.561995 15.919000 16.631000 Misc 0.000000 0.000000 
Datos3b278534.txt 0.350707 55820.561995 14.582000 14.927000 Misc 0.000000 0.000000 
Datos3b278552.txt 0.853851 55820.561995 14.599000 15.096000 Misc 0.000000 0.000000 
Datos3b27892.txt 0.610936 55820.561995 14.092000 14.461000 Misc 0.000000 0.000000 
Datos3b278364.txt 0.763557 55820.561995 13.716000 14.116000 Misc 0.000000 0.000000 
Datos3b278668.txt 2.772745 55820.561995 13.725000 13.957000 Misc 0.000000 0.000000 
Datos3b278499.txt 2.735283 55820.561995 14.900000 15.452000 Misc 0.000000 0.000000 
Datos3b2788.txt 1.227687 55820.561995 13.806000 14.003000 Misc 0.000000 0.000000 
Datos3b278503.txt 1.331152 55820.561995 14.576000 14.943000 Misc 0.000000 0.000000 
Datos3b278780.txt 1.223483 55820.561995 12.195000 12.439000 Misc 0.000000 0.000000 
Datos3b27843.txt 0.655713 55820.561995 14.549000 14.840000 Misc 0.000000 0.000000 
Datos3b278791.txt 0.700118 55820.561995 13.742000 14.034000 Misc 0.000000 0.000000 
Datos3b278840.txt 0.222391 55820.561995 12.238000 12.415000 Misc 0.000000 0.000000
Datos3b278749.txt 0.517702 55820.561995 13.593000 13.893000 Misc 0.000000 0.000000 
Datos3b278819.txt 0.997250 55820.561995 13.003000 13.175000 Misc 0.000000 0.000000 
Datos3b278443.txt 2.183560 55820.561995 15.414000 16.084000 Misc 0.000000 0.000000 