Datosb27960.txt 13.057714 55309.758970 13.046000 13.364000 Misc 0.000000 0.000000 
Datosb279179.txt 0.483599 55309.758970 15.256000 16.083000 Misc 0.000000 0.000000 
Datosb27992.txt 0.516327 55309.758970 15.036000 15.423000 Misc 0.000000 0.000000 
Datosb27915.txt 0.340397 55309.758970 15.553000 16.270000 Misc 0.000000 0.000000 
Datosb279106.txt 0.257072 56160.600013 14.219000 14.668000 Misc 0.000000 0.000000 
Datosb279140.txt 0.552151 55818.523900 14.188000 14.511000 Misc 0.000000 0.000000 
Datosb279127.txt 0.499180 55309.758970 13.709000 14.049000 Misc 0.000000 0.000000 
Datosb2791.txt 0.396651 55309.758970 14.732000 15.142000 Misc 0.000000 0.000000 
Datosb27927.txt 0.272396 55309.758970 14.976000 15.421000 Misc 0.000000 0.000000 
Datosb279158.txt 0.203007 55309.758970 14.437000 14.987000 Misc 0.000000 0.000000 
Datosb27917.txt 0.872779 55309.758970 14.951000 15.620000 Misc 0.000000 0.000000 
Datosb27918.txt 0.532144 55309.758970 12.715000 12.957000 Misc 0.000000 0.000000 
Datosb279126.txt 0.539716 55309.758970 14.038000 14.334000 Misc 0.000000 0.000000 
Datosb279112.txt 0.445286 55309.758970 14.212000 14.575000 Misc 0.000000 0.000000 
Datosb279123.txt 0.414614 55309.758970 13.414000 13.785000 Misc 0.000000 0.000000 
Datosb279141.txt 0.565766 55309.758970 14.193000 14.525000 Misc 0.000000 0.000000 
Datosb27916.txt 0.237900 55309.758970 13.498000 14.045000 Misc 0.000000 0.000000 
Datosb2792.txt 1.457643 55309.758970 14.132000 14.467000 Misc 0.000000 0.000000 
Datosb279156.txt 4.300254 55309.758970 14.268000 14.640000 Misc 0.000000 0.000000 
Datosb279170.txt 0.208036 55309.758970 14.126000 14.590000 Misc 0.000000 0.000000 
Datosb27954.txt 0.289247 55309.758970 14.691000 15.499000 Misc 0.000000 0.000000 
Datosb27933.txt 0.203061 55309.758970 14.810000 15.326000 Misc 0.000000 0.000000 
Datosb279131.txt 0.886809 55309.758970 15.089000 15.519000 Misc 0.000000 0.000000 
Datosb27952.txt 0.357663 55309.758970 12.696000 12.927000 Misc 0.000000 0.000000 
Datosb279176.txt 1.263823 55309.758970 13.880000 14.204000 Misc 0.000000 0.000000 
Datosb27973.txt 1.146706 55309.758970 14.216000 14.606000 Misc 0.000000 0.000000 
Datosb279147.txt 6.315644 55818.523900 12.853000 13.111000 Misc 0.000000 0.000000 
Datosb279136.txt 4.908762 55309.758970 15.004000 15.958000 Misc 0.000000 0.000000 
Datosb27964.txt 0.392213 55818.523900 14.962000 15.534000 Misc 0.000000 0.000000 
Datosb279177.txt 0.588201 55818.523900 13.487000 13.798000 Misc 0.000000 0.000000 
Datosb27986.txt 0.337879 55309.758970 15.109000 15.674000 Misc 0.000000 0.000000 
Datosb27963.txt 0.291465 55309.758970 14.526000 15.140000 Misc 0.000000 0.000000 
Datosb279120.txt 0.376282 55309.758970 12.431000 12.894000 Misc 0.000000 0.000000 
Datosb279150.txt 0.369263 55309.758970 13.076000 13.346000 Misc 0.000000 0.000000 
Datosb27942.txt 1.532233 55309.758970 13.212000 13.509000 Misc 0.000000 0.000000 
Datosb27959.txt 3.822419 55309.758970 14.367000 14.956000 Misc 0.000000 0.000000 
Datosb279117.txt 0.345232 55309.758970 12.472000 12.764000 Misc 0.000000 0.000000 
Datosb279168.txt 0.590306 55309.758970 13.994000 14.318000 Misc 0.000000 0.000000 
Datosb27995.txt 0.443310 55309.758970 14.658000 15.018000 Misc 0.000000 0.000000 
Datosb279128.txt 0.671943 55309.758970 13.848000 14.140000 Misc 0.000000 0.000000 
Datosb279125.txt 0.730812 55309.758970 14.436000 14.784000 Misc 0.000000 0.000000 
Datosb279100.txt 0.650533 55309.758970 15.648000 16.377000 Misc 0.000000 0.000000 
Datosb27911.txt 0.347787 55309.758970 13.718000 14.115000 Misc 0.000000 0.000000 
Datosb27911.txt 0.347787 55309.758970 13.718000 14.115000 Misc 0.000000 0.000000 
Datosb27911.txt 0.347787 55309.758970 13.718000 14.115000 Misc 0.000000 0.000000 
Datosb27911.txt 0.347787 55309.758970 13.718000 14.115000 Misc 0.000000 0.000000
Datos1b279199.txt 0.919728 55309.758970 13.076000 13.248000 Misc 0.000000 0.000000 
Datos1b279434.txt 31.292283 55309.758970 12.470000 12.663000 Misc 0.000000 0.000000 
Datos1b279523.txt 0.975781 55309.758970 14.684000 15.081000 Misc 0.000000 0.000000 
Datos1b279196.txt 0.516358 55309.758970 15.036000 15.423000 Misc 0.000000 0.000000 
Datos1b279366.txt 0.508731 55309.758970 14.384000 14.740000 Misc 0.000000 0.000000 
Datos1b279585.txt 0.482271 55309.758970 13.420000 13.748000 Misc 0.000000 0.000000 
Datos1b279263.txt 0.973384 55309.758970 14.827000 15.288000 Misc 0.000000 0.000000 
Datos1b279542.txt 0.979146 55309.758970 13.652000 13.971000 Misc 0.000000 0.000000 
Datos1b279190.txt 3.323943 55309.758970 15.389000 16.045000 Misc 0.000000 0.000000 
Datos1b27931.txt 9.143409 55309.758970 13.071000 13.516000 Misc 0.000000 0.000000 
Datos1b279431.txt 18.082918 55309.758970 12.798000 13.158000 Misc 0.000000 0.000000 
Datos1b27953.txt 1.109129 55309.758970 13.193000 13.414000 Misc 0.000000 0.000000 
Datos1b279630.txt 1.801952 55309.758970 13.047000 13.778000 Misc 0.000000 0.000000 
Datos1b279412.txt 0.374102 55309.758970 13.295000 13.545000 Misc 0.000000 0.000000 
Datos1b279552.txt 1.018687 55309.758970 14.140000 14.441000 Misc 0.000000 0.000000 
Datos1b279450.txt 1.018674 55309.758970 14.140000 14.441000 Misc 0.000000 0.000000 
Datos1b279682.txt 1.064283 55309.758970 12.715000 12.957000 Misc 0.000000 0.000000 
Datos1b279574.txt 1.064277 55309.758970 12.715000 12.957000 Misc 0.000000 0.000000 
Datos1b279687.txt 1.067688 55309.758970 14.105000 14.426000 Misc 0.000000 0.000000 
Datos1b279607.txt 0.923535 55309.758970 14.669000 15.008000 Misc 0.000000 0.000000 
Datos1b279335.txt 0.609950 55309.758970 14.016000 14.314000 Misc 0.000000 0.000000 
Datos1b27955.txt 0.883143 55309.758970 15.488000 15.928000 Misc 0.000000 0.000000 
Datos1b279673.txt 0.411583 55818.523900 14.939000 15.487000 Misc 0.000000 0.000000 
Datos1b279397.txt 1.131513 55309.758970 14.193000 14.525000 Misc 0.000000 0.000000 
Datos1b279516.txt 0.562695 55309.758970 14.301000 14.602000 Misc 0.000000 0.000000 
Datos1b279465.txt 0.562685 55309.758970 14.301000 14.602000 Misc 0.000000 0.000000 
Datos1b279132.txt 0.222291 55309.758970 13.652000 14.145000 Misc 0.000000 0.000000 
Datos1b279553.txt 2.988137 55309.758970 14.922000 15.299000 Misc 0.000000 0.000000 
Datos1b279145.txt 1.080552 55309.758970 14.017000 14.317000 Misc 0.000000 0.000000 
Datos1b279677.txt 0.886796 55309.758970 15.089000 15.519000 Misc 0.000000 0.000000 
Datos1b279185.txt 0.357667 55309.758970 12.696000 12.927000 Misc 0.000000 0.000000 
Datos1b279628.txt 10.411104 55309.758970 13.933000 14.312000 Misc 0.000000 0.000000 
Datos1b27914.txt 0.573351 55309.758970 14.216000 14.606000 Misc 0.000000 0.000000 
Datos1b279353.txt 0.368430 55309.758970 13.767000 13.991000 Misc 0.000000 0.000000 
Datos1b279323.txt 12.637407 55818.523900 12.853000 13.111000 Misc 0.000000 0.000000 
Datos1b279504.txt 0.598177 55309.758970 14.651000 14.984000 Misc 0.000000 0.000000 
Datos1b279254.txt 0.598169 55309.758970 14.651000 14.984000 Misc 0.000000 0.000000 
Datos1b279400.txt 0.588225 55818.523900 13.487000 13.798000 Misc 0.000000 0.000000 
Datos1b279613.txt 1.118354 55309.758970 14.649000 14.973000 Misc 0.000000 0.000000 
Datos1b279411.txt 0.544565 55309.758970 13.920000 14.177000 Misc 0.000000 0.000000 
Datos1b279497.txt 0.717036 55309.758970 14.688000 15.276000 Misc 0.000000 0.000000 
Datos1b279364.txt 0.362277 55309.758970 12.712000 13.113000 Misc 0.000000 0.000000 
Datos1b279389.txt 0.367946 55309.758970 15.766000 16.431000 Misc 0.000000 0.000000 
Datos1b279402.txt 0.626713 55309.758970 12.798000 13.094000 Misc 0.000000 0.000000 
Datos1b279159.txt 0.626698 55309.758970 12.798000 13.094000 Misc 0.000000 0.000000 
Datos1b279195.txt 0.596910 55309.758970 14.145000 14.431000 Misc 0.000000 0.000000 
Datos1b279144.txt 1.155315 55309.758970 13.976000 14.257000 Misc 0.000000 0.000000 
Datos1b27942.txt 0.369257 55309.758970 13.076000 13.346000 Misc 0.000000 0.000000 
Datos1b2790.txt 2.769271 55309.758970 14.659000 14.981000 Misc 0.000000 0.000000 
Datos1b279661.txt 1.176272 55309.758970 14.242000 14.518000 Misc 0.000000 0.000000 
Datos1b27972.txt 0.237253 55309.758970 15.156000 15.562000 Misc 0.000000 0.000000 
Datos1b279707.txt 0.213653 55818.523900 15.187000 15.761000 Misc 0.000000 0.000000 
Datos1b279474.txt 0.213654 55818.523900 15.187000 15.761000 Misc 0.000000 0.000000 
Datos1b279740.txt 3.064054 55309.758970 13.212000 13.509000 Misc 0.000000 0.000000 
Datos1b279647.txt 1.612869 55309.758970 14.614000 15.031000 Misc 0.000000 0.000000 
Datos1b2795.txt 1.613091 55309.758970 14.614000 15.031000 Misc 0.000000 0.000000 
Datos1b279280.txt 1.409786 55309.758970 14.078000 14.479000 Misc 0.000000 0.000000 
Datos1b279264.txt 0.319045 55309.758970 14.056000 14.345000 Misc 0.000000 0.000000 
Datos1b279106.txt 1.499958 55309.758970 13.890000 14.119000 Misc 0.000000 0.000000 
Datos1b279519.txt 0.760398 55309.758970 15.134000 15.613000 Misc 0.000000 0.000000 
Datos1b279337.txt 0.200859 55309.758970 14.908000 15.311000 Misc 0.000000 0.000000 
Datos1b2798.txt 0.717373 55309.758970 14.462000 14.807000 Misc 0.000000 0.000000 
Datos1b279543.txt 1.434807 55309.758970 14.462000 14.807000 Misc 0.000000 0.000000 
Datos1b279639.txt 1.461553 55309.758970 14.436000 14.784000 Misc 0.000000 0.000000 
Datos1b279240.txt 1.461589 55309.758970 14.436000 14.784000 Misc 0.000000 0.000000 
Datos1b279594.txt 0.403609 55309.758970 12.931000 13.183000 Misc 0.000000 0.000000 
Datos1b279213.txt 0.416104 55309.758970 15.423000 15.900000 Misc 0.000000 0.000000 
Datos1b27982.txt 0.650524 55309.758970 15.648000 16.377000 Misc 0.000000 0.000000 
Datos1b279404.txt 0.650522 55309.758970 15.648000 16.377000 Misc 0.000000 0.000000
Datosb27985.txt 662.430708 55309.758970 12.866000 13.324000 Misc 0.000000 0.000000 
Datosb27922.txt 0.557183 55309.758970 13.989000 14.318000 Misc 0.000000 0.000000 
b279D0.txt 0.358516 55309.758970 14.688000 15.276000 Misc 0.000000 0.000000 
b279D104.txt 0.384772 55309.758970 14.882000 15.279000 Misc 0.000000 0.000000 
b279D108.txt 0.403611 55309.758970 12.931000 13.183000 Misc 0.000000 0.000000 
b279D114.txt 0.237901 55309.758970 13.498000 14.045000 Misc 0.000000 0.000000 
b279D115.txt 4.461622 55309.758970 13.902000 14.403000 Misc 0.000000 0.000000 
b279D116.txt 0.374100 55309.758970 13.295000 13.545000 Misc 0.000000 0.000000 
b279D117.txt 0.230416 55309.758970 15.174000 15.713000 Misc 0.000000 0.000000 
b279D123.txt 0.227365 55309.758970 13.680000 14.226000 Misc 0.000000 0.000000 
b279D124.txt 1.128431 55309.758970 12.442000 12.788000 Misc 0.000000 0.000000 
b279D129.txt 0.408821 55309.758970 13.301000 14.014000 Misc 0.000000 0.000000 
b279D132.txt 1.000000 55309.758970 13.856000 13.956000 Misc 0.000000 0.000000 
b279D133.txt 0.487897 55309.758970 14.684000 15.081000 Misc 0.000000 0.000000 
b279D136.txt 2.527866 55309.758970 13.880000 14.204000 Misc 0.000000 0.000000 
b279D139.txt 1.613111 55309.758970 14.614000 15.031000 Misc 0.000000 0.000000 
b279D13.txt 0.247293 55309.758970 14.916000 15.392000 Misc 0.000000 0.000000 
b279D155.txt 0.890951 55309.758970 13.259000 13.515000 Misc 0.000000 0.000000 
b279D159.txt 0.340397 55309.758970 15.553000 16.270000 Misc 0.000000 0.000000 
b279D160.txt 1.878197 55309.758970 12.329000 12.755000 Misc 0.000000 0.000000 
b279D162.txt 0.577629 55309.758970 13.976000 14.257000 Misc 0.000000 0.000000 
b279D165.txt 0.539744 55309.758970 14.038000 14.334000 Misc 0.000000 0.000000 
b279D166.txt 0.396665 55309.758970 14.732000 15.142000 Misc 0.000000 0.000000 
b279D172.txt 0.445295 55309.758970 14.212000 14.575000 Misc 0.000000 0.000000 
b279D177.txt 1.807024 55309.758970 15.005000 15.480000 Misc 0.000000 0.000000 
b279D178.txt 1.457510 55309.758970 14.132000 14.467000 Misc 0.000000 0.000000 
b279D20.txt 0.921250 55818.523900 15.252000 15.754000 Misc 0.000000 0.000000 
b279D22.txt 2.278434 55309.758970 12.784000 13.128000 Misc 0.000000 0.000000 
b279D23.txt 0.295611 55309.758970 13.621000 13.943000 Misc 0.000000 0.000000 
b279D29.txt 0.267113 55309.758970 14.754000 15.183000 Misc 0.000000 0.000000 
b279D31.txt 0.557042 55309.758970 14.650000 15.015000 Misc 0.000000 0.000000 
b279D37.txt 0.458055 55309.758970 12.732000 13.026000 Misc 0.000000 0.000000 
b279D38.txt 0.609956 55309.758970 14.016000 14.314000 Misc 0.000000 0.000000 
b279D42.txt 0.344527 55309.758970 15.080000 15.570000 Misc 0.000000 0.000000 
b279D43.txt 0.520845 55309.758970 13.741000 14.025000 Misc 0.000000 0.000000 
b279D45.txt 0.489552 55309.758970 13.652000 13.971000 Misc 0.000000 0.000000 
b279D54.txt 1.487485 55309.758970 14.881000 15.371000 Misc 0.000000 0.000000 
b279D55.txt 0.595674 55309.758970 14.266000 14.625000 Misc 0.000000 0.000000 
b279D5.txt 0.343278 55309.758970 12.895000 13.260000 Misc 0.000000 0.000000 
b279D63.txt 0.469405 55309.758970 13.887000 14.223000 Misc 0.000000 0.000000 
b279D64.txt 5.207423 55309.758970 13.933000 14.312000 Misc 0.000000 0.000000 
b279D63.txt 0.469441 55309.758970 13.887000 14.223000 Misc 0.000000 0.000000 
b279D64.txt 5.205655 55309.758970 13.933000 14.312000 Misc 0.000000 0.000000 
b279D65.txt 5.250762 55309.758970 14.726000 15.122000 Misc 0.000000 0.000000 
b279D6.txt 0.356650 55309.758970 15.525000 16.020000 Misc 0.000000 0.000000 
b279D71.txt 0.623234 55818.523900 13.650000 13.879000 Misc 0.000000 0.000000 
b279D74.txt 0.213654 55818.523900 15.187000 15.761000 Misc 0.000000 0.000000 
b279D75.txt 0.222295 55309.758970 13.652000 14.145000 Misc 0.000000 0.000000 
b279D76.txt 0.353712 55309.758970 14.229000 14.591000 Misc 0.000000 0.000000 
b279D7.txt 1.801033 55309.758970 15.876000 16.496000 Misc 0.000000 0.000000 
b279D86.txt 0.717384 55309.758970 14.462000 14.807000 Misc 0.000000 0.000000 
b279D90.txt 0.443317 55309.758970 14.658000 15.018000 Misc 0.000000 0.000000 
b279D92.txt 0.708859 55309.758970 12.831000 13.215000 Misc 0.000000 0.000000 
b279D93.txt 0.625417 55309.758970 14.199000 14.546000 Misc 0.000000 0.000000 
b279D99.txt 0.208035 55309.758970 14.126000 14.590000 Misc 0.000000 0.000000 
b279D111.txt 1.994079 55309.758970 13.843000 14.181000 Misc 0.000000 0.000000 
b279D167.txt 0.463468 55309.758970 14.415000 14.778000 Misc 0.000000 0.000000 
b279D26.txt 0.997251 55309.758970 15.140000 15.702000 Misc 0.000000 0.000000 
Datos2b279523.txt 15.641014 55309.758970 12.470000 12.663000 Misc 0.000000 0.000000 
Datos2b279586.txt 0.507689 55309.758970 14.979000 15.340000 Misc 0.000000 0.000000 
Datos2b279227.txt 0.975775 55309.758970 14.684000 15.081000 Misc 0.000000 0.000000 
Datos2b279342.txt 0.516352 55309.758970 15.036000 15.423000 Misc 0.000000 0.000000 
Datos2b279595.txt 1.984411 55309.758970 13.867000 14.084000 Misc 0.000000 0.000000 
Datos2b279648.txt 0.501045 55309.758970 14.185000 14.497000 Misc 0.000000 0.000000 
Datos2b279307.txt 0.963115 55309.758970 15.074000 15.429000 Misc 0.000000 0.000000 
Datos2b279656.txt 1.807192 55309.758970 15.030000 15.485000 Misc 0.000000 0.000000 
Datos2b279484.txt 0.489571 55309.758970 13.652000 13.971000 Misc 0.000000 0.000000 
Datos2b279347.txt 0.489568 55309.758970 13.652000 13.971000 Misc 0.000000 0.000000 
Datos2b279359.txt 0.680794 55309.758970 15.553000 16.270000 Misc 0.000000 0.000000 
Datos2b279576.txt 0.434212 55309.758970 15.508000 15.968000 Misc 0.000000 0.000000 
Datos2b279486.txt 20.194836 55309.758970 12.627000 12.795000 Misc 0.000000 0.000000 
Datos2b279635.txt 0.456574 55309.758970 14.244000 14.570000 Misc 0.000000 0.000000 
Datos2b279153.txt 0.272401 55309.758970 14.976000 15.421000 Misc 0.000000 0.000000 
Datos2b279259.txt 0.922493 55309.758970 14.802000 15.175000 Misc 0.000000 0.000000 
Datos2b279517.txt 7.863442 55309.758970 15.363000 15.836000 Misc 0.000000 0.000000 
Datos2b279225.txt 0.356644 55309.758970 15.525000 16.020000 Misc 0.000000 0.000000 
Datos2b279384.txt 0.872786 55309.758970 14.951000 15.620000 Misc 0.000000 0.000000 
Datos2b279381.txt 0.534694 55309.758970 14.265000 14.571000 Misc 0.000000 0.000000 
Datos2b279704.txt 0.975561 55309.758970 15.388000 15.806000 Misc 0.000000 0.000000 
Datos2b279645.txt 0.672905 55309.758970 14.759000 15.080000 Misc 0.000000 0.000000 
Datos2b279693.txt 0.678209 55309.758970 14.073000 14.319000 Misc 0.000000 0.000000 
Datos2b279651.txt 1.200287 55309.758970 13.806000 14.043000 Misc 0.000000 0.000000 
Datos2b279252.txt 0.374516 55309.758970 14.220000 14.567000 Misc 0.000000 0.000000 
Datos2b279502.txt 0.509338 55309.758970 14.140000 14.441000 Misc 0.000000 0.000000 
Datos2b279506.txt 1.064277 55309.758970 12.715000 12.957000 Misc 0.000000 0.000000 
Datos2b279544.txt 0.931179 55309.758970 14.455000 14.791000 Misc 0.000000 0.000000 
Datos2b279446.txt 1.113258 55309.758970 14.161000 14.455000 Misc 0.000000 0.000000 
Datos2b27975.txt 2.975607 55309.758970 14.881000 15.371000 Misc 0.000000 0.000000 
Datos2b279409.txt 2.975292 55309.758970 14.881000 15.371000 Misc 0.000000 0.000000 
Datos2b279680.txt 10.861735 55309.758970 12.989000 13.320000 Misc 0.000000 0.000000 
Datos2b27936.txt 0.445285 55309.758970 14.212000 14.575000 Misc 0.000000 0.000000 
Datos2b279659.txt 8.921748 55309.758970 13.902000 14.403000 Misc 0.000000 0.000000 
Datos2b279474.txt 8.885217 55309.758970 13.915000 14.505000 Misc 0.000000 0.000000 
Datos2b27968.txt 0.411585 55818.523900 14.939000 15.487000 Misc 0.000000 0.000000 
Datos2b279582.txt 0.480900 55309.758970 15.044000 15.448000 Misc 0.000000 0.000000 
Datos2b279383.txt 3.620582 55309.758970 13.355000 13.565000 Misc 0.000000 0.000000 
Datos2b279214.txt 1.100045 55309.758970 13.190000 13.430000 Misc 0.000000 0.000000 
Datos2b27994.txt 1.131584 55309.758970 14.193000 14.525000 Misc 0.000000 0.000000 
Datos2b279411.txt 0.562657 55309.758970 14.301000 14.602000 Misc 0.000000 0.000000 
Datos2b279274.txt 1.125370 55309.758970 14.301000 14.602000 Misc 0.000000 0.000000 
Datos2b279108.txt 0.562685 55309.758970 14.301000 14.602000 Misc 0.000000 0.000000 
Datos2b279587.txt 0.561862 55309.758970 14.228000 14.517000 Misc 0.000000 0.000000 
Datos2b279500.txt 2.914928 55309.758970 14.132000 14.467000 Misc 0.000000 0.000000 
Datos2b279481.txt 2.914770 55309.758970 14.132000 14.467000 Misc 0.000000 0.000000 
Datos2b279538.txt 2.641660 55309.758970 15.502000 16.161000 Misc 0.000000 0.000000 
Datos2b279177.txt 1.576628 55309.758970 15.695000 16.194000 Misc 0.000000 0.000000 
Datos2b279489.txt 0.916118 55309.758970 12.732000 13.026000 Misc 0.000000 0.000000 
Datos2b279149.txt 0.289247 55309.758970 14.691000 15.499000 Misc 0.000000 0.000000 
Datos2b27981.txt 0.395879 55309.758970 15.956000 16.526000 Misc 0.000000 0.000000 
Datos2b279543.txt 0.357665 55309.758970 12.696000 12.927000 Misc 0.000000 0.000000 
Datos2b279464.txt 0.178834 55309.758970 12.696000 12.927000 Misc 0.000000 0.000000 
Datos2b279349.txt 0.926980 55309.758970 14.415000 14.778000 Misc 0.000000 0.000000 
Datos2b279674.txt 10.412333 55309.758970 13.933000 14.312000 Misc 0.000000 0.000000 
Datos2b279522.txt 1.146681 55309.758970 14.216000 14.606000 Misc 0.000000 0.000000 
Datos2b279202.txt 0.573374 55309.758970 14.216000 14.606000 Misc 0.000000 0.000000 
Datos2b279271.txt 0.830428 55309.758970 13.187000 13.498000 Misc 0.000000 0.000000 
Datos2b27973.txt 0.720989 55309.758970 13.621000 13.869000 Misc 0.000000 0.000000 
Datos2b2797.txt 0.597792 55309.758970 14.279000 14.613000 Misc 0.000000 0.000000 
Datos2b279212.txt 0.598204 55309.758970 14.651000 14.984000 Misc 0.000000 0.000000 
Datos2b279358.txt 1.282173 55309.758970 15.259000 15.939000 Misc 0.000000 0.000000 
Datos2b279450.txt 1.118361 55309.758970 14.649000 14.973000 Misc 0.000000 0.000000 
Datos2b279461.txt 0.717032 55309.758970 14.688000 15.276000 Misc 0.000000 0.000000 
Datos2b279343.txt 0.367946 55309.758970 15.766000 16.431000 Misc 0.000000 0.000000 
Datos2b279554.txt 0.636601 55309.758970 15.248000 15.646000 Misc 0.000000 0.000000 
Datos2b279711.txt 0.914607 55309.758970 14.067000 14.362000 Misc 0.000000 0.000000 
Datos2b27926.txt 0.457303 55309.758970 14.067000 14.362000 Misc 0.000000 0.000000 
Datos2b279666.txt 0.626698 55309.758970 12.798000 13.094000 Misc 0.000000 0.000000 
Datos2b279623.txt 0.313347 55309.758970 12.798000 13.094000 Misc 0.000000 0.000000 
Datos2b279591.txt 1.937032 55309.758970 14.809000 15.360000 Misc 0.000000 0.000000 
Datos2b279455.txt 1.209101 55309.758970 13.735000 13.982000 Misc 0.000000 0.000000 
Datos2b279410.txt 0.604540 55309.758970 13.735000 13.982000 Misc 0.000000 0.000000 
Datos2b279180.txt 1.209093 55309.758970 13.735000 13.982000 Misc 0.000000 0.000000 
Datos2b279655.txt 1.801036 55309.758970 15.876000 16.496000 Misc 0.000000 0.000000 
Datos2b279699.txt 0.300197 55309.758970 14.648000 15.096000 Misc 0.000000 0.000000 
Datos2b279121.txt 1.205916 55309.758970 14.368000 14.622000 Misc 0.000000 0.000000 
Datos2b279712.txt 0.337329 55309.758970 15.751000 16.275000 Misc 0.000000 0.000000 
Datos2b279224.txt 0.596884 55309.758970 14.145000 14.431000 Misc 0.000000 0.000000 
Datos2b279156.txt 1.275102 55309.758970 15.596000 16.398000 Misc 0.000000 0.000000 
Datos2b279442.txt 0.293594 55309.758970 15.347000 16.233000 Misc 0.000000 0.000000 
Datos2b279404.txt 0.361338 55309.758970 15.709000 16.273000 Misc 0.000000 0.000000 
Datos2b279348.txt 0.361339 55309.758970 15.709000 16.273000 Misc 0.000000 0.000000 
Datos2b279580.txt 0.752534 55309.758970 12.431000 12.894000 Misc 0.000000 0.000000 
Datos2b279662.txt 2.441263 55309.758970 12.663000 12.951000 Misc 0.000000 0.000000 
Datos2b279642.txt 0.551275 55309.758970 14.320000 14.614000 Misc 0.000000 0.000000 
Datos2b279287.txt 3.064139 55309.758970 13.212000 13.509000 Misc 0.000000 0.000000 
Datos2b279110.txt 3.823133 55309.758970 14.367000 14.956000 Misc 0.000000 0.000000 
Datos2b279678.txt 1.209665 55309.758970 14.217000 14.493000 Misc 0.000000 0.000000 
Datos2b2796.txt 0.570418 55309.758970 14.242000 14.609000 Misc 0.000000 0.000000 
Datos2b279235.txt 0.817636 55309.758970 13.301000 14.014000 Misc 0.000000 0.000000 
Datos2b27938.txt 0.688668 55309.758970 14.064000 14.351000 Misc 0.000000 0.000000 
Datos2b27937.txt 0.319047 55309.758970 14.056000 14.345000 Misc 0.000000 0.000000 
Datos2b279303.txt 0.715557 55309.758970 13.048000 13.257000 Misc 0.000000 0.000000 
Datos2b279193.txt 0.583332 55309.758970 14.551000 14.962000 Misc 0.000000 0.000000 
Datos2b279501.txt 0.590297 55309.758970 13.994000 14.318000 Misc 0.000000 0.000000 
Datos2b279352.txt 1.180615 55309.758970 13.994000 14.318000 Misc 0.000000 0.000000 
Datos2b27941.txt 0.414773 55309.758970 15.911000 16.456000 Misc 0.000000 0.000000 
Datos2b279714.txt 0.270573 55309.758970 12.503000 12.724000 Misc 0.000000 0.000000 
Datos2b279148.txt 0.212946 55309.758970 12.503000 12.724000 Misc 0.000000 0.000000
Datos3b279431.txt 27.887758 55309.758970 13.294000 13.481000 Misc 0.000000 0.000000 
Datos3b279240.txt 31.260801 55309.758970 12.470000 12.663000 Misc 0.000000 0.000000 
Datos3b279335.txt 30.023038 55309.758970 12.486000 12.765000 Misc 0.000000 0.000000 
Datos3b279344.txt 33.425084 55309.758970 12.795000 13.053000 Misc 0.000000 0.000000 
Datos3b279297.txt 1.032711 55309.758970 15.036000 15.423000 Misc 0.000000 0.000000 
Datos3b279552.txt 0.994734 55309.758970 13.867000 14.084000 Misc 0.000000 0.000000 
Datos3b279417.txt 0.962840 55309.758970 14.436000 14.877000 Misc 0.000000 0.000000 
Datos3b27935.txt 0.508762 55309.758970 14.384000 14.740000 Misc 0.000000 0.000000 
Datos3b279402.txt 0.520848 55309.758970 13.741000 14.025000 Misc 0.000000 0.000000 
Datos3b279596.txt 0.979111 55309.758970 13.652000 13.971000 Misc 0.000000 0.000000 
Datos3b279152.txt 1.239779 55309.758970 14.747000 15.047000 Misc 0.000000 0.000000 
Datos3b27923.txt 1.661974 55309.758970 15.389000 16.045000 Misc 0.000000 0.000000 
Datos3b279218.txt 9.041527 55309.758970 12.798000 13.158000 Misc 0.000000 0.000000 
Datos3b279398.txt 0.446518 55309.758970 14.467000 14.803000 Misc 0.000000 0.000000 
Datos3b279135.txt 1.200330 55309.758970 13.806000 14.043000 Misc 0.000000 0.000000 
Datos3b2795.txt 1.271236 55309.758970 14.542000 14.821000 Misc 0.000000 0.000000 
Datos3b279185.txt 1.018625 55309.758970 14.140000 14.441000 Misc 0.000000 0.000000 
Datos3b279179.txt 0.557070 55309.758970 14.650000 15.015000 Misc 0.000000 0.000000 
Datos3b279687.txt 0.829262 55309.758970 13.414000 13.785000 Misc 0.000000 0.000000 
Datos3b279396.txt 2.413319 55309.758970 16.001000 16.684000 Misc 0.000000 0.000000 
Datos3b279111.txt 3.861873 55309.758970 14.450000 14.853000 Misc 0.000000 0.000000 
Datos3b279545.txt 0.609941 55309.758970 14.016000 14.314000 Misc 0.000000 0.000000 
Datos3b279573.txt 4.604980 55309.758970 13.761000 14.069000 Misc 0.000000 0.000000 
Datos3b279428.txt 2.402210 55309.758970 13.009000 13.239000 Misc 0.000000 0.000000 
Datos3b279498.txt 0.333068 55309.758970 14.835000 15.551000 Misc 0.000000 0.000000 
Datos3b27933.txt 3.620648 55309.758970 13.355000 13.565000 Misc 0.000000 0.000000 
Datos3b279681.txt 0.343281 55309.758970 12.895000 13.260000 Misc 0.000000 0.000000 
Datos3b279350.txt 0.214418 55309.758970 14.470000 14.766000 Misc 0.000000 0.000000 
Datos3b27966.txt 0.237897 55309.758970 13.498000 14.045000 Misc 0.000000 0.000000 
Datos3b279537.txt 4.299279 55309.758970 14.268000 14.640000 Misc 0.000000 0.000000 
Datos3b2791.txt 2.527717 55309.758970 13.880000 14.204000 Misc 0.000000 0.000000 
Datos3b279255.txt 0.590328 55309.758970 13.134000 13.361000 Misc 0.000000 0.000000 
Datos3b279636.txt 10.447963 55309.758970 13.776000 14.192000 Misc 0.000000 0.000000 
Datos3b27949.txt 0.598181 55309.758970 14.651000 14.984000 Misc 0.000000 0.000000 
Datos3b279294.txt 3.825095 55309.758970 13.968000 14.255000 Misc 0.000000 0.000000 
Datos3b279102.txt 0.944126 55309.758970 15.148000 15.629000 Misc 0.000000 0.000000 
Datos3b279148.txt 1.201527 55309.758970 14.133000 14.388000 Misc 0.000000 0.000000 
Datos3b279490.txt 6.973163 55309.758970 14.503000 14.962000 Misc 0.000000 0.000000 
Datos3b27985.txt 0.559170 55309.758970 14.649000 14.973000 Misc 0.000000 0.000000 
Datos3b279207.txt 0.777962 55309.758970 15.248000 15.646000 Misc 0.000000 0.000000 
Datos3b279499.txt 0.626709 55309.758970 12.798000 13.094000 Misc 0.000000 0.000000 
Datos3b279212.txt 0.596868 55309.758970 14.145000 14.431000 Misc 0.000000 0.000000 
Datos3b279187.txt 0.293594 55309.758970 15.347000 16.233000 Misc 0.000000 0.000000 
Datos3b279385.txt 0.438983 55309.758970 14.212000 14.568000 Misc 0.000000 0.000000 
Datos3b279381.txt 0.353496 55309.758970 13.828000 14.078000 Misc 0.000000 0.000000 
Datos3b279478.txt 0.752538 55309.758970 12.431000 12.894000 Misc 0.000000 0.000000 
Datos3b279444.txt 0.369260 55309.758970 13.076000 13.346000 Misc 0.000000 0.000000 
Datos3b279328.txt 2.769634 55309.758970 14.659000 14.981000 Misc 0.000000 0.000000 
Datos3b279696.txt 0.790632 55309.758970 14.673000 15.010000 Misc 0.000000 0.000000 
Datos3b279548.txt 1.351550 55309.758970 14.028000 14.357000 Misc 0.000000 0.000000 
Datos3b279662.txt 1.209618 55309.758970 14.217000 14.493000 Misc 0.000000 0.000000 
Datos3b279615.txt 2.768098 55309.758970 14.233000 14.865000 Misc 0.000000 0.000000 
Datos3b279270.txt 0.817641 55309.758970 13.301000 14.014000 Misc 0.000000 0.000000 
Datos3b279521.txt 2.278636 55309.758970 12.784000 13.128000 Misc 0.000000 0.000000 
Datos3b279228.txt 0.715524 55309.758970 13.048000 13.257000 Misc 0.000000 0.000000 
Datos3b279494.txt 1.500028 55309.758970 13.890000 14.119000 Misc 0.000000 0.000000 
Datos3b279434.txt 0.590298 55309.758970 13.994000 14.318000 Misc 0.000000 0.000000 
Datos3b279505.txt 0.388281 55309.758970 15.596000 16.119000 Misc 0.000000 0.000000 
Datos3b279372.txt 0.443344 55309.758970 14.658000 15.018000 Misc 0.000000 0.000000 
Datos3b279568.txt 0.417712 55309.758970 15.581000 16.117000 Misc 0.000000 0.000000 
Datos3b279567.txt 1.490400 55309.758970 15.599000 16.184000 Misc 0.000000 0.000000 
Datos3b279525.txt 0.414771 55309.758970 15.911000 16.456000 Misc 0.000000 0.000000 
Datos3b279168.txt 3.275404 55309.758970 14.496000 15.223000 Misc 0.000000 0.000000 
Datos3b27993.txt 1.461663 55309.758970 14.436000 14.784000 Misc 0.000000 0.000000 
Datos3b279136.txt 1.250864 55309.758970 14.199000 14.546000 Misc 0.000000 0.000000 
Datos3b279538.txt 1.348232 55309.758970 13.007000 13.173000 Misc 0.000000 0.000000 
Datos3b27974.txt 0.403610 55309.758970 12.931000 13.183000 Misc 0.000000 0.000000 
Datos3b279635.txt 3.139263 55309.758970 14.216000 14.652000 Misc 0.000000 0.000000